1 0.156250 0.402778 0.108333 0.313492
1 0.347917 0.650794 0.183333 0.388889
1 0.502083 0.577381 0.137500 0.313492
1 0.853125 0.700397 0.156250 0.392857
1 0.058333 0.309524 0.095833 0.277778
1 0.628125 0.398810 0.093750 0.257937
1 0.720833 0.321429 0.075000 0.222222
1 0.860417 0.359127 0.091667 0.202381
1 0.338542 0.293651 0.089583 0.190476
1 0.131250 0.150794 0.075000 0.166667
1 0.225000 0.180556 0.070833 0.154762
1 0.410417 0.248016 0.070833 0.186508
1 0.857292 0.126984 0.043750 0.126984
1 0.934375 0.132937 0.047917 0.130952
1 0.459375 0.180556 0.047917 0.162698
