1 0.207657 0.833043 0.141531 0.292174
1 0.678654 0.394783 0.099768 0.184348
1 0.489559 0.339130 0.088167 0.173913
1 0.821346 0.460000 0.069606 0.213913
1 0.924014 0.281739 0.066125 0.160000
1 0.300464 0.042609 0.037123 0.081739
1 0.146752 0.068696 0.066125 0.109565
0 0.141531 0.591304 0.067285 0.208696
0 0.362529 0.606957 0.135731 0.233043
0 0.610209 0.600870 0.064965 0.241739
0 0.573086 0.219130 0.064965 0.146087
0 0.629930 0.089565 0.069606 0.130435
0 0.428654 0.127826 0.052204 0.109565
0 0.872390 0.115652 0.053364 0.109565
0 0.085847 0.087826 0.053364 0.151304
0 0.229118 0.089565 0.075406 0.158261
0 0.054524 0.440000 0.088167 0.198261
0 0.244780 0.440000 0.060325 0.226087
0 0.250000 0.256522 0.052204 0.113043
1 0.377030 0.884348 0.155452 0.200000
0 0.736079 0.234783 0.047564 0.135652
0 0.975058 0.069565 0.040603 0.125217
1 0.322506 0.199130 0.060325 0.092174
1 0.772622 0.744348 0.071926 0.222609
1 0.487819 0.090435 0.061485 0.128696
