1 0.410035 0.293103 0.051903 0.103448
1 0.328720 0.632184 0.069204 0.137931
1 0.448097 0.445402 0.058824 0.120690
1 0.577855 0.416667 0.041522 0.120690
1 0.615917 0.387931 0.041522 0.097701
1 0.624567 0.310345 0.031142 0.080460
1 0.036332 0.166667 0.031142 0.068966
0 0.891003 0.454023 0.044983 0.114943
1 0.852941 0.367816 0.038062 0.080460
1 0.979239 0.255747 0.041522 0.086207
0 0.899654 0.255747 0.041522 0.097701
0 0.807958 0.255747 0.031142 0.074713
1 0.707612 0.261494 0.031142 0.086207
1 0.762976 0.235632 0.031142 0.057471
1 0.650519 0.221264 0.034602 0.051724
1 0.574394 0.224138 0.034602 0.068966
1 0.534602 0.186782 0.031142 0.063218
1 0.491349 0.137931 0.027682 0.080460
0 0.474048 0.224138 0.027682 0.057471
1 0.728374 0.482759 0.058824 0.126437
0 0.079585 0.132184 0.041522 0.068966
1 0.794118 0.137931 0.031142 0.068966
