0 0.097333 0.128571 0.112000 0.247619
0 0.102000 0.461905 0.110667 0.242857
0 0.104000 0.809524 0.093333 0.242857
0 0.303333 0.835714 0.097333 0.233333
0 0.494667 0.821429 0.090667 0.242857
0 0.704000 0.832143 0.101333 0.226190
0 0.898667 0.838095 0.096000 0.209524
0 0.297333 0.465476 0.082667 0.207143
0 0.499333 0.471429 0.092000 0.223810
0 0.706667 0.480952 0.093333 0.252381
0 0.895333 0.469048 0.092000 0.228571
0 0.300000 0.105952 0.080000 0.183333
0 0.498667 0.122619 0.090667 0.235714
0 0.705333 0.119048 0.088000 0.214286
0 0.896000 0.123810 0.096000 0.223810
