1 0.150625 0.899625 0.038750 0.084428
1 0.116250 0.782364 0.042500 0.108818
1 0.173125 0.584428 0.043750 0.110694
1 0.251875 0.857411 0.043750 0.108818
1 0.379375 0.803002 0.043750 0.108818
1 0.714375 0.781426 0.043750 0.110694
1 0.440625 0.553471 0.043750 0.108818
1 0.328125 0.496248 0.043750 0.110694
1 0.546875 0.484991 0.043750 0.110694
1 0.800625 0.542214 0.043750 0.108818
1 0.956875 0.715760 0.043750 0.110694
1 0.918125 0.680113 0.043750 0.110694
1 0.895625 0.496248 0.043750 0.110694
1 0.954375 0.344278 0.043750 0.110694
1 0.770625 0.355535 0.043750 0.110694
1 0.594375 0.396811 0.043750 0.110694
1 0.635000 0.248593 0.040000 0.076923
1 0.561250 0.195122 0.040000 0.075047
1 0.344375 0.345216 0.041250 0.078799
1 0.243750 0.292683 0.040000 0.075047
1 0.093750 0.466229 0.040000 0.076923
1 0.031250 0.348030 0.040000 0.076923
1 0.077500 0.282364 0.040000 0.076923
1 0.106250 0.390244 0.040000 0.075047
1 0.147500 0.171670 0.040000 0.076923
1 0.068750 0.194184 0.040000 0.076923
1 0.071875 0.056285 0.041250 0.078799
1 0.151250 0.044090 0.040000 0.076923
1 0.280000 0.154784 0.040000 0.076923
1 0.300000 0.224203 0.040000 0.076923
1 0.307500 0.074109 0.040000 0.076923
1 0.426250 0.039400 0.040000 0.075047
1 0.525000 0.141651 0.040000 0.076923
1 0.590000 0.106004 0.040000 0.076923
1 0.656250 0.173546 0.040000 0.076923
1 0.843750 0.104128 0.040000 0.076923
1 0.782500 0.042214 0.040000 0.076923
1 0.818750 0.024390 0.025000 0.045028
0 0.926250 0.056285 0.030000 0.056285
1 0.493750 0.097561 0.030000 0.052533
