0 0.201875 0.397500 0.033750 0.051667
0 0.287500 0.398333 0.047500 0.080000
0 0.368750 0.405000 0.042500 0.093333
0 0.252500 0.557500 0.035000 0.065000
0 0.470000 0.425000 0.035000 0.063333
0 0.438750 0.392500 0.027500 0.055000
1 0.543125 0.420833 0.038750 0.071667
0 0.616875 0.424167 0.041250 0.061667
0 0.658750 0.402500 0.032500 0.061667
0 0.718750 0.441667 0.035000 0.056667
1 0.782500 0.485833 0.037500 0.058333
0 0.878750 0.485000 0.040000 0.056667
0 0.842500 0.457500 0.015000 0.028333
1 0.070625 0.438333 0.018750 0.030000
