1 0.041818 0.543716 0.047273 0.071038
1 0.074545 0.453552 0.032727 0.076503
1 0.125455 0.489071 0.040000 0.071038
1 0.167273 0.486339 0.036364 0.054645
1 0.209091 0.401639 0.047273 0.071038
1 0.276364 0.489071 0.029091 0.060109
1 0.301818 0.409836 0.050909 0.054645
1 0.352727 0.456284 0.036364 0.071038
1 0.394545 0.437158 0.040000 0.065574
1 0.552727 0.426230 0.029091 0.065574
1 0.692727 0.407104 0.032727 0.049180
1 0.620000 0.448087 0.025455 0.032787
1 0.730909 0.366120 0.021818 0.043716
1 0.829091 0.316940 0.014545 0.021858
