1 0.125455 0.431694 0.061818 0.120219
1 0.263636 0.603825 0.061818 0.103825
1 0.376364 0.524590 0.047273 0.109290
1 0.445455 0.546448 0.040000 0.087432
1 0.509091 0.549180 0.043636 0.092896
1 0.763636 0.516393 0.050909 0.103825
1 0.912727 0.502732 0.058182 0.131148
1 0.805455 0.510929 0.047273 0.103825
1 0.641818 0.486339 0.047273 0.098361
1 0.580000 0.502732 0.025455 0.065574
1 0.547273 0.519126 0.032727 0.087432
1 0.245455 0.502732 0.047273 0.109290
1 0.329091 0.510929 0.040000 0.081967
1 0.018182 0.459016 0.029091 0.131148
1 0.430909 0.478142 0.025455 0.049180
1 0.480000 0.497268 0.036364 0.076503
1 0.529091 0.442623 0.025455 0.054645
1 0.683636 0.442623 0.021818 0.054645
1 0.570909 0.434426 0.021818 0.038251
