1 0.130909 0.423497 0.160000 0.256831
1 0.430909 0.469945 0.105455 0.185792
1 0.787273 0.461749 0.120000 0.224044
1 0.841818 0.325137 0.076364 0.114754
1 0.763636 0.344262 0.050909 0.065574
1 0.672727 0.401639 0.065455 0.103825
1 0.621818 0.346995 0.043636 0.071038
1 0.670909 0.322404 0.040000 0.054645
1 0.950909 0.393443 0.090909 0.153005
1 0.540000 0.756831 0.098182 0.202186
1 0.276364 0.379781 0.065455 0.136612
1 0.320000 0.428962 0.036364 0.071038
1 0.338182 0.396175 0.029091 0.060109
1 0.354545 0.357923 0.025455 0.060109
1 0.465455 0.322404 0.050909 0.076503
