1 0.185417 0.227621 0.045833 0.097187
1 0.044583 0.262788 0.062500 0.124041
1 0.256250 0.240409 0.045833 0.097187
1 0.409583 0.228900 0.045833 0.097187
1 0.459583 0.226343 0.045833 0.097187
1 0.493333 0.204604 0.033333 0.081841
1 0.509583 0.273657 0.045833 0.097187
1 0.573333 0.335678 0.053333 0.131714
1 0.691667 0.360614 0.061667 0.145780
1 0.919583 0.431586 0.089167 0.190537
1 0.801250 0.319693 0.069167 0.135550
1 0.804167 0.166240 0.036667 0.117647
1 0.529167 0.156010 0.038333 0.079284
0 0.085417 0.108696 0.029167 0.043478
0 0.676250 0.195013 0.054167 0.144501
0 0.858750 0.404731 0.037500 0.116368
