1 0.098500 0.711368 0.173000 0.406750
1 0.265000 0.603908 0.110000 0.284192
1 0.411500 0.486679 0.087000 0.209591
1 0.542500 0.409414 0.117000 0.246892
1 0.653000 0.388988 0.082000 0.245115
1 0.783000 0.393428 0.070000 0.182948
1 0.957000 0.418295 0.080000 0.190053
1 0.919500 0.168739 0.055000 0.120782
1 0.756500 0.855240 0.155000 0.289520
1 0.441500 0.088810 0.043000 0.071048
1 0.388500 0.046181 0.025000 0.056838
1 0.571500 0.082593 0.033000 0.044405
1 0.726000 0.079929 0.026000 0.074600
1 0.862000 0.205151 0.046000 0.087034
1 0.029000 0.190053 0.022000 0.074600
0 0.315000 0.345471 0.050000 0.186501
0 0.674500 0.134103 0.059000 0.129663
0 0.785000 0.051510 0.046000 0.095915
0 0.885500 0.061279 0.037000 0.065719
1 0.727500 0.289520 0.033000 0.152753
