0 0.356667 0.699405 0.100000 0.279762
0 0.128333 0.607143 0.090000 0.250000
0 0.831667 0.508929 0.070000 0.160714
1 0.715000 0.717262 0.103333 0.279762
1 0.596667 0.526786 0.053333 0.148810
1 0.295000 0.511905 0.056667 0.142857
1 0.371667 0.434524 0.056667 0.142857
1 0.466667 0.446429 0.053333 0.130952
1 0.400000 0.571429 0.073333 0.166667
1 0.055000 0.526786 0.070000 0.172619
0 0.218333 0.395833 0.050000 0.101190
0 0.165000 0.372024 0.036667 0.089286
0 0.303333 0.386905 0.026667 0.059524
1 0.118333 0.410714 0.036667 0.095238
1 0.066667 0.425595 0.033333 0.089286
1 0.270000 0.339286 0.013333 0.047619
1 0.695000 0.529762 0.056667 0.119048
1 0.023333 0.318452 0.020000 0.041667
