1 0.178472 0.609877 0.034722 0.074074
1 0.240278 0.624691 0.036111 0.079012
1 0.085417 0.641975 0.031944 0.074074
1 0.016667 0.632099 0.030556 0.059259
0 0.293056 0.656790 0.022222 0.059259
1 0.343056 0.667901 0.044444 0.056790
1 0.409028 0.590123 0.026389 0.074074
0 0.463194 0.533333 0.018056 0.059259
1 0.436806 0.446914 0.023611 0.088889
1 0.360417 0.429630 0.031944 0.054321
1 0.302083 0.433333 0.029167 0.061728
1 0.255556 0.465432 0.027778 0.066667
1 0.193056 0.455556 0.033333 0.066667
0 0.134722 0.462963 0.025000 0.056790
0 0.355556 0.543210 0.025000 0.054321
0 0.620139 0.444444 0.026389 0.049383
0 0.683333 0.414815 0.022222 0.074074
0 0.671528 0.272840 0.018056 0.051852
1 0.077083 0.464198 0.037500 0.064198
1 0.012500 0.509877 0.022222 0.066667
1 0.018750 0.272840 0.029167 0.066667
1 0.118750 0.285185 0.029167 0.081481
1 0.163889 0.282716 0.033333 0.071605
0 0.234722 0.255556 0.027778 0.056790
1 0.296528 0.230864 0.026389 0.056790
1 0.346528 0.214815 0.023611 0.064198
1 0.455556 0.237037 0.027778 0.074074
1 0.509028 0.248148 0.020833 0.066667
1 0.258333 0.354321 0.025000 0.056790
1 0.560417 0.233333 0.020833 0.061728
1 0.761111 0.201235 0.041667 0.071605
1 0.805556 0.324691 0.030556 0.086420
1 0.842361 0.487654 0.026389 0.071605
1 0.800694 0.658025 0.043056 0.091358
0 0.550694 0.583951 0.031944 0.086420
1 0.720139 0.444444 0.026389 0.064198
1 0.760417 0.033333 0.026389 0.061728
1 0.684722 0.029630 0.025000 0.054321
1 0.495139 0.427160 0.031944 0.069136
1 0.629167 0.258025 0.019444 0.076543
1 0.983333 0.585185 0.030556 0.108642
1 0.606250 0.025926 0.029167 0.046914
1 0.546528 0.072840 0.045833 0.081481
1 0.493750 0.029630 0.031944 0.054321
1 0.436111 0.027160 0.027778 0.049383
1 0.375000 0.019753 0.019444 0.034568
1 0.323611 0.022222 0.016667 0.039506
1 0.265278 0.014815 0.019444 0.024691
1 0.218056 0.022222 0.027778 0.039506
1 0.159028 0.022222 0.029167 0.039506
1 0.078472 0.103704 0.031944 0.054321
1 0.075000 0.039506 0.027778 0.059259
0 0.847917 0.404938 0.029167 0.069136
