1 0.158824 0.805978 0.094118 0.172826
1 0.544118 0.675543 0.094118 0.172826
1 0.818750 0.884783 0.096324 0.191304
1 0.771324 0.678261 0.092647 0.169565
1 0.430147 0.594565 0.092647 0.169565
1 0.072059 0.525543 0.092647 0.168478
1 0.752941 0.460870 0.083824 0.167391
1 0.222794 0.414674 0.063235 0.125000
1 0.326471 0.474457 0.063235 0.125000
1 0.509559 0.388587 0.063235 0.125000
1 0.627941 0.350543 0.063235 0.125000
1 0.937500 0.333152 0.063235 0.125000
1 0.851103 0.262500 0.056618 0.114130
1 0.580515 0.463043 0.066912 0.134783
1 0.528676 0.214130 0.067647 0.134783
1 0.254412 0.239130 0.054412 0.108696
1 0.322059 0.227717 0.054412 0.109783
1 0.694853 0.323913 0.047059 0.095652
1 0.750368 0.169565 0.046324 0.095652
1 0.840441 0.155435 0.047059 0.095652
1 0.906250 0.090217 0.046324 0.095652
1 0.608824 0.199457 0.047059 0.094565
1 0.452574 0.115217 0.033088 0.073913
1 0.416544 0.045652 0.033088 0.073913
1 0.376103 0.036957 0.033088 0.071739
1 0.312868 0.068478 0.033088 0.073913
1 0.578676 0.043478 0.032353 0.073913
1 0.481250 0.036957 0.033088 0.071739
1 0.635662 0.036957 0.033088 0.071739
1 0.679044 0.049457 0.033088 0.072826
1 0.783456 0.051630 0.033088 0.075000
1 0.703309 0.152174 0.033088 0.073913
1 0.983456 0.036957 0.033088 0.071739
1 0.983456 0.111957 0.033088 0.063043
1 0.983456 0.219022 0.033088 0.061957
0 0.070588 0.276630 0.057353 0.109783
0 0.188971 0.180435 0.052941 0.108696
1 0.180515 0.316304 0.043382 0.108696
1 0.338235 0.326630 0.035294 0.081522
0 0.420221 0.266848 0.061029 0.122826
1 0.389706 0.165761 0.042647 0.096739
1 0.360662 0.170652 0.027206 0.119565
1 0.804044 0.366304 0.052206 0.191304
