1 0.223636 0.819672 0.098182 0.240437
1 0.125455 0.609290 0.076364 0.180328
1 0.340000 0.527322 0.076364 0.180328
1 0.561818 0.740437 0.076364 0.180328
1 0.707273 0.729508 0.076364 0.180328
1 0.883636 0.661202 0.058182 0.120219
1 0.801818 0.683060 0.076364 0.185792
1 0.038182 0.472678 0.054545 0.114754
1 0.481818 0.516393 0.061818 0.136612
1 0.623636 0.519126 0.040000 0.087432
1 0.563636 0.472678 0.036364 0.071038
1 0.672727 0.494536 0.029091 0.071038
1 0.754545 0.502732 0.040000 0.087432
1 0.812727 0.502732 0.040000 0.087432
1 0.885455 0.521858 0.032727 0.081967
1 0.394545 0.516393 0.040000 0.081967
1 0.170909 0.486339 0.050909 0.131148
1 0.705455 0.497268 0.029091 0.109290
1 0.936364 0.486339 0.032727 0.076503
