1 0.709030 0.702381 0.127090 0.238095
0 0.359532 0.708333 0.103679 0.285714
0 0.128763 0.598214 0.110368 0.220238
1 0.053512 0.526786 0.066890 0.172619
1 0.304348 0.514881 0.066890 0.136905
1 0.456522 0.449405 0.063545 0.148810
1 0.593645 0.526786 0.063545 0.136905
1 0.704013 0.532738 0.063545 0.113095
1 0.366221 0.437500 0.063545 0.148810
0 0.827759 0.514881 0.076923 0.196429
0 0.158863 0.372024 0.043478 0.101190
0 0.302676 0.386905 0.030100 0.071429
0 0.222408 0.372024 0.043478 0.113095
1 0.115385 0.401786 0.043478 0.101190
1 0.065217 0.404762 0.036789 0.083333
