1 0.125418 0.851190 0.043478 0.095238
1 0.168896 0.616071 0.036789 0.077381
1 0.100334 0.470238 0.033445 0.083333
1 0.065217 0.142857 0.030100 0.059524
1 0.028428 0.336310 0.036789 0.077381
1 0.081940 0.247024 0.036789 0.065476
1 0.148829 0.098214 0.036789 0.089286
1 0.250836 0.928571 0.046823 0.083333
1 0.376254 0.869048 0.043478 0.107143
1 0.326087 0.488095 0.043478 0.107143
1 0.240803 0.258929 0.033445 0.089286
1 0.302676 0.172619 0.036789 0.071429
1 0.280936 0.092262 0.033445 0.077381
1 0.443144 0.562500 0.050167 0.101190
1 0.546823 0.488095 0.030100 0.083333
1 0.714047 0.839286 0.043478 0.119048
1 0.596990 0.380952 0.030100 0.083333
1 0.563545 0.142857 0.030100 0.071429
1 0.953177 0.767857 0.046823 0.107143
1 0.924749 0.705357 0.043478 0.077381
1 0.799331 0.541667 0.033445 0.083333
1 0.897993 0.485119 0.036789 0.077381
1 0.633779 0.196429 0.043478 0.083333
1 0.525084 0.089286 0.033445 0.059524
1 0.498328 0.029762 0.026756 0.047619
1 0.588629 0.038690 0.026756 0.065476
1 0.657191 0.125000 0.030100 0.083333
1 0.770903 0.339286 0.036789 0.107143
1 0.841137 0.035714 0.030100 0.059524
1 0.956522 0.315476 0.033445 0.071429
1 0.163880 0.514881 0.033445 0.089286
1 0.108696 0.386905 0.030100 0.047619
1 0.347826 0.309524 0.040134 0.095238
