1 0.381597 0.786979 0.084028 0.182292
1 0.469444 0.453646 0.083333 0.148958
1 0.769792 0.453125 0.093750 0.122917
1 0.112847 0.582812 0.084028 0.155208
1 0.248958 0.559896 0.067361 0.101042
1 0.159028 0.436979 0.051389 0.073958
1 0.228125 0.215104 0.039583 0.055208
1 0.155903 0.256771 0.046528 0.061458
1 0.075347 0.286458 0.027083 0.037500
1 0.095486 0.349479 0.035417 0.038542
1 0.151389 0.359896 0.040278 0.044792
1 0.309375 0.258333 0.049306 0.052083
1 0.565278 0.248958 0.052778 0.093750
1 0.637153 0.344271 0.043750 0.088542
0 0.272222 0.362500 0.047222 0.079167
1 0.468403 0.233333 0.040972 0.058333
1 0.544444 0.377083 0.065278 0.108333
1 0.354167 0.404687 0.069444 0.103125
1 0.317014 0.523958 0.056250 0.091667
1 0.095833 0.192188 0.019444 0.036458
1 0.083681 0.138542 0.018750 0.037500
