1 0.075000 0.444030 0.118000 0.168657
0 0.581500 0.512687 0.083000 0.174627
1 0.575500 0.260448 0.063000 0.082090
1 0.415000 0.263433 0.050000 0.111940
1 0.485500 0.282836 0.043000 0.073134
1 0.258500 0.166418 0.037000 0.094030
1 0.287000 0.146269 0.030000 0.065672
1 0.333000 0.099254 0.028000 0.040299
1 0.406000 0.093284 0.014000 0.043284
1 0.936500 0.191045 0.033000 0.074627
1 0.857500 0.143284 0.021000 0.032836
1 0.817500 0.101493 0.023000 0.041791
0 0.589500 0.141045 0.035000 0.073134
0 0.453500 0.073881 0.025000 0.055224
0 0.632500 0.104478 0.037000 0.068657
