1 0.394375 0.533835 0.058750 0.112782
1 0.643125 0.483083 0.063750 0.142857
0 0.023125 0.377820 0.043750 0.184211
0 0.428750 0.340226 0.057500 0.105263
0 0.702500 0.391917 0.045000 0.103383
1 0.724375 0.272556 0.046250 0.075188
1 0.945000 0.576128 0.100000 0.189850
1 0.434375 0.259398 0.043750 0.067669
1 0.525625 0.247180 0.033750 0.073308
1 0.574375 0.192669 0.021250 0.046992
1 0.716250 0.163534 0.030000 0.063910
0 0.686875 0.240602 0.026250 0.052632
1 0.916875 0.186090 0.018750 0.030075
1 0.987500 0.208647 0.025000 0.041353
1 0.800000 0.197368 0.020000 0.030075
