1 0.129167 0.679630 0.108333 0.151852
1 0.029167 0.630556 0.056250 0.157407
1 0.204167 0.782407 0.066667 0.131481
1 0.244792 0.543519 0.062500 0.098148
1 0.322396 0.666667 0.073958 0.166667
1 0.400521 0.816667 0.073958 0.137037
1 0.109896 0.520370 0.065625 0.129630
1 0.166667 0.492593 0.075000 0.129630
1 0.329167 0.454630 0.058333 0.131481
1 0.407292 0.440741 0.045833 0.137037
1 0.482292 0.494444 0.056250 0.129630
1 0.538542 0.551852 0.079167 0.137037
1 0.581771 0.765741 0.088542 0.161111
0 0.650521 0.694444 0.076042 0.170370
1 0.679688 0.603704 0.065625 0.137037
1 0.835417 0.675926 0.056250 0.148148
1 0.775521 0.528704 0.053125 0.105556
1 0.590625 0.454630 0.062500 0.131481
1 0.473438 0.353704 0.053125 0.133333
1 0.326042 0.329630 0.060417 0.107407
1 0.704688 0.485185 0.051042 0.092593
1 0.113542 0.378704 0.070833 0.120370
1 0.051042 0.346296 0.056250 0.092593
1 0.028646 0.538889 0.046875 0.114815
1 0.016146 0.372222 0.030208 0.107407
1 0.888542 0.536111 0.060417 0.105556
1 0.626042 0.305556 0.039583 0.111111
1 0.579167 0.314815 0.039583 0.103704
1 0.525521 0.290741 0.036458 0.118519
1 0.666146 0.304630 0.053125 0.098148
1 0.394792 0.279630 0.043750 0.096296
1 0.353646 0.279630 0.046875 0.107407
0 0.203646 0.255556 0.040625 0.085185
1 0.263542 0.261111 0.035417 0.081481
0 0.822917 0.804630 0.058333 0.150000
1 0.526563 0.155556 0.036458 0.077778
1 0.559896 0.154630 0.030208 0.087037
1 0.638021 0.192593 0.036458 0.092593
1 0.822917 0.292593 0.041667 0.096296
1 0.933333 0.352778 0.039583 0.090741
1 0.875000 0.379630 0.043750 0.114815
1 0.053646 0.201852 0.040625 0.085185
1 0.110417 0.154630 0.039583 0.083333
1 0.223438 0.146296 0.040625 0.070370
1 0.269792 0.091667 0.033333 0.064815
1 0.388021 0.109259 0.036458 0.092593
1 0.147917 0.192593 0.041667 0.100000
1 0.679688 0.092593 0.026042 0.081481
1 0.719271 0.168519 0.034375 0.070370
1 0.791667 0.204630 0.039583 0.079630
1 0.581771 0.209259 0.036458 0.092593
1 0.507292 0.230556 0.037500 0.098148
1 0.451042 0.205556 0.033333 0.055556
1 0.172917 0.954630 0.083333 0.083333
1 0.538542 0.093519 0.025000 0.046296
1 0.566667 0.069444 0.014583 0.035185
1 0.604167 0.032407 0.018750 0.046296
1 0.597396 0.116667 0.015625 0.055556
1 0.423438 0.092593 0.028125 0.074074
1 0.710417 0.062037 0.022917 0.053704
1 0.767188 0.079630 0.017708 0.040741
1 0.015104 0.155556 0.019792 0.070370
1 0.057292 0.115741 0.022917 0.064815
1 0.081771 0.045370 0.011458 0.050000
1 0.028125 0.068519 0.025000 0.055556
1 0.107813 0.027778 0.028125 0.040741
1 0.117188 0.080556 0.026042 0.053704
1 0.141146 0.042593 0.032292 0.051852
1 0.228646 0.074074 0.026042 0.066667
1 0.322396 0.142593 0.036458 0.077778
1 0.354687 0.180556 0.034375 0.061111
1 0.426563 0.041667 0.028125 0.038889
1 0.275521 0.033333 0.026042 0.051852
1 0.636458 0.074074 0.025000 0.055556
1 0.707292 0.114815 0.022917 0.044444
1 0.773438 0.142593 0.021875 0.059259
1 0.134375 0.297222 0.050000 0.072222
