1 0.113333 0.730449 0.153333 0.369384
1 0.263889 0.662230 0.101111 0.206323
1 0.417778 0.560732 0.086667 0.176373
1 0.543889 0.498336 0.107778 0.204659
1 0.788889 0.488353 0.075556 0.151414
1 0.953333 0.501664 0.075556 0.151414
1 0.652222 0.474210 0.082222 0.202995
1 0.750556 0.849418 0.158889 0.301165
0 0.305000 0.436772 0.081111 0.154742
0 0.675000 0.257903 0.047778 0.103161
1 0.918889 0.284526 0.066667 0.123128
1 0.438333 0.221298 0.027778 0.049917
0 0.472778 0.424293 0.043333 0.139767
0 0.601111 0.247088 0.053333 0.091514
0 0.775556 0.190516 0.031111 0.074875
1 0.725556 0.217970 0.035556 0.056572
1 0.865000 0.313644 0.043333 0.091514
