1 0.435059 0.304317 0.057617 0.119424
1 0.199219 0.285612 0.048828 0.099281
1 0.320801 0.277698 0.047852 0.097842
1 0.600098 0.243165 0.047852 0.097842
1 0.702637 0.230216 0.047852 0.097842
1 0.866699 0.276259 0.047852 0.097842
1 0.097168 0.317986 0.030273 0.083453
1 0.240723 0.229496 0.040039 0.061871
1 0.109375 0.273381 0.021484 0.074820
1 0.306152 0.210072 0.020508 0.066187
1 0.387695 0.247482 0.025391 0.089209
1 0.481445 0.279856 0.029297 0.122302
0 0.783203 0.253957 0.074219 0.136691
1 0.655762 0.248921 0.028320 0.063309
1 0.900879 0.219424 0.026367 0.067626
