1 0.068590 0.961187 0.024359 0.045662
1 0.264103 0.899543 0.017949 0.036530
1 0.301282 0.902968 0.017949 0.043379
1 0.238462 0.953196 0.025641 0.038813
1 0.401282 0.921233 0.020513 0.047945
1 0.348718 0.949772 0.015385 0.050228
1 0.575000 0.898402 0.016667 0.038813
1 0.491026 0.982877 0.023077 0.034247
1 0.209615 0.884703 0.019231 0.043379
1 0.383974 0.840183 0.014103 0.036530
0 0.362179 0.856164 0.019231 0.036530
1 0.314744 0.692922 0.011538 0.029680
1 0.383974 0.780822 0.014103 0.041096
1 0.304487 0.748858 0.016667 0.036530
1 0.298077 0.844749 0.016667 0.036530
1 0.128205 0.901826 0.028205 0.045662
1 0.333974 0.690639 0.016667 0.029680
1 0.343590 0.666667 0.015385 0.036530
1 0.342949 0.643836 0.008974 0.036530
1 0.355769 0.615297 0.014103 0.038813
0 0.404487 0.744292 0.016667 0.050228
1 0.496795 0.683790 0.011538 0.038813
1 0.368590 0.578767 0.011538 0.025114
1 0.387821 0.539954 0.019231 0.043379
1 0.425641 0.690639 0.017949 0.047945
1 0.490385 0.606164 0.016667 0.043379
1 0.464744 0.678082 0.011538 0.031963
1 0.410256 0.514840 0.012821 0.029680
1 0.362179 0.486301 0.016667 0.045662
1 0.439744 0.606164 0.015385 0.029680
1 0.530769 0.539954 0.012821 0.020548
1 0.501923 0.529680 0.011538 0.027397
1 0.734615 0.605023 0.012821 0.027397
1 0.366667 0.439498 0.012821 0.034247
1 0.569231 0.468037 0.005128 0.013699
1 0.525000 0.732877 0.019231 0.041096
1 0.466026 0.400685 0.008974 0.029680
1 0.732692 0.500000 0.008974 0.027397
1 0.766667 0.618721 0.015385 0.036530
1 0.764103 0.587900 0.017949 0.025114
1 0.769231 0.553653 0.012821 0.038813
1 0.760256 0.544521 0.012821 0.038813
1 0.792308 0.723744 0.015385 0.031963
1 0.823718 0.781963 0.014103 0.038813
1 0.805769 0.721461 0.014103 0.036530
1 0.785256 0.609589 0.016667 0.041096
1 0.785897 0.647260 0.012821 0.038813
1 0.846154 0.791096 0.015385 0.057078
1 0.861538 0.796804 0.015385 0.036530
1 0.591026 0.384703 0.012821 0.025114
1 0.886538 0.807078 0.021795 0.052511
1 0.612179 0.503425 0.011538 0.034247
1 0.584615 0.453196 0.012821 0.029680
1 0.975641 0.849315 0.020513 0.050228
1 0.950641 0.842466 0.021795 0.050228
1 0.987179 0.776256 0.015385 0.045662
1 0.929487 0.636986 0.012821 0.036530
1 0.950000 0.746575 0.017949 0.036530
1 0.967949 0.746575 0.015385 0.041096
0 0.892949 0.472603 0.011538 0.027397
