1 0.163399 0.616601 0.084967 0.205534
1 0.343137 0.489130 0.061002 0.187747
1 0.567538 0.402174 0.061002 0.187747
1 0.654139 0.228261 0.057734 0.148221
1 0.814270 0.147233 0.035948 0.124506
1 0.422113 0.309289 0.057734 0.128458
1 0.545207 0.232213 0.057734 0.132411
1 0.235839 0.133399 0.040305 0.088933
1 0.270153 0.087945 0.032680 0.100791
1 0.401961 0.027668 0.030501 0.051383
1 0.458606 0.055336 0.028322 0.079051
1 0.562636 0.070158 0.040305 0.092885
1 0.662309 0.094862 0.043573 0.094862
0 0.752723 0.119565 0.034858 0.084980
1 0.900327 0.064229 0.035948 0.069170
1 0.851307 0.040514 0.031590 0.077075
1 0.696078 0.062253 0.030501 0.069170
1 0.790305 0.037549 0.029412 0.071146
1 0.745098 0.037549 0.032680 0.071146
