1 0.272461 0.222013 0.064453 0.104403
1 0.437012 0.263522 0.057617 0.079245
1 0.545410 0.255346 0.055664 0.100629
1 0.642090 0.254717 0.053711 0.101887
1 0.069824 0.491195 0.018555 0.028931
0 0.039062 0.491195 0.017578 0.028931
0 0.052246 0.505660 0.014648 0.030189
0 0.120117 0.500000 0.013672 0.021384
1 0.098145 0.499371 0.010742 0.020126
0 0.144043 0.500629 0.012695 0.037736
0 0.173828 0.492453 0.017578 0.023899
0 0.189453 0.498742 0.011719 0.028931
0 0.895508 0.479874 0.025391 0.044025
0 0.954590 0.448428 0.022461 0.038994
0 0.853516 0.476101 0.017578 0.038994
