0 0.090000 0.076154 0.123077 0.149231
0 0.077692 0.242692 0.092308 0.123846
0 0.078462 0.414615 0.113846 0.113846
0 0.073462 0.564231 0.110000 0.119231
0 0.079231 0.746923 0.109231 0.132308
0 0.079231 0.910385 0.109231 0.111538
0 0.268077 0.732692 0.102308 0.123846
0 0.243846 0.919615 0.093846 0.126923
0 0.407692 0.913846 0.120000 0.129231
0 0.585769 0.915385 0.102308 0.132308
0 0.741154 0.906538 0.091538 0.120769
0 0.921154 0.914615 0.103846 0.113846
0 0.411923 0.740769 0.099231 0.110769
0 0.583846 0.750000 0.095385 0.141538
0 0.745000 0.753462 0.125385 0.142308
0 0.910000 0.745769 0.092308 0.140769
0 0.248846 0.582692 0.096154 0.122308
0 0.446154 0.571923 0.086154 0.113077
0 0.576538 0.579615 0.103846 0.125385
0 0.751154 0.580385 0.088462 0.126923
0 0.911923 0.576923 0.102308 0.130769
0 0.252692 0.409615 0.085385 0.120769
0 0.404615 0.413077 0.093846 0.120000
0 0.582308 0.411538 0.101538 0.130769
0 0.751538 0.405385 0.098462 0.138462
0 0.921923 0.411538 0.088462 0.133846
0 0.248846 0.246923 0.103846 0.135385
0 0.413077 0.246923 0.113846 0.132308
0 0.573846 0.249231 0.095385 0.127692
0 0.745769 0.245769 0.123846 0.143846
0 0.917308 0.244231 0.086923 0.130000
0 0.246538 0.070000 0.085385 0.120000
0 0.413077 0.078846 0.096923 0.126923
0 0.583077 0.084615 0.093846 0.109231
0 0.743846 0.083846 0.093846 0.133846
0 0.908462 0.078462 0.095385 0.136923
