1 0.096667 0.324405 0.060000 0.125000
1 0.035000 0.297619 0.043333 0.107143
1 0.233333 0.309524 0.060000 0.095238
1 0.151667 0.232143 0.030000 0.059524
1 0.131667 0.199405 0.030000 0.065476
1 0.100000 0.220238 0.040000 0.059524
1 0.316667 0.297619 0.046667 0.095238
1 0.470000 0.279762 0.046667 0.107143
1 0.553333 0.235119 0.040000 0.101190
1 0.455000 0.434524 0.090000 0.166667
1 0.531667 0.419643 0.076667 0.136905
1 0.776667 0.375000 0.080000 0.154762
1 0.891667 0.327381 0.076667 0.142857
1 0.895000 0.508929 0.130000 0.232143
1 0.886667 0.125000 0.033333 0.059524
1 0.376667 0.404762 0.060000 0.119048
0 0.656667 0.244048 0.046667 0.095238
