1 0.379395 0.414931 0.090820 0.243056
1 0.387207 0.206597 0.092773 0.187500
1 0.661621 0.650174 0.090820 0.234375
1 0.942383 0.858507 0.115234 0.265625
1 0.591797 0.502604 0.058594 0.178819
1 0.695312 0.245660 0.041016 0.085069
0 0.509277 0.210938 0.040039 0.074653
0 0.762207 0.199653 0.045898 0.097222
0 0.957520 0.195312 0.051758 0.137153
0 0.932129 0.348090 0.040039 0.116319
1 0.887207 0.326389 0.032227 0.076389
0 0.570801 0.376736 0.053711 0.100694
0 0.945312 0.490451 0.062500 0.168403
0 0.509277 0.553819 0.055664 0.166667
0 0.269531 0.234375 0.037109 0.076389
