1 0.068500 0.777264 0.115000 0.319778
1 0.202000 0.622921 0.098000 0.284658
1 0.277500 0.729205 0.115000 0.323475
1 0.428500 0.766174 0.115000 0.323475
1 0.551000 0.743068 0.124000 0.310536
1 0.771000 0.709797 0.124000 0.310536
1 0.599500 0.451017 0.103000 0.258780
1 0.704000 0.425139 0.100000 0.269871
1 0.389500 0.439926 0.103000 0.258780
1 0.206500 0.286506 0.103000 0.258780
1 0.060500 0.316081 0.103000 0.258780
1 0.470500 0.129390 0.103000 0.255083
1 0.592500 0.159889 0.103000 0.256932
1 0.727500 0.129390 0.103000 0.255083
1 0.833500 0.292976 0.103000 0.256932
1 0.948500 0.241220 0.103000 0.256932
1 0.151000 0.073937 0.094000 0.144177
