1 0.288571 0.487944 0.133333 0.237310
1 0.546667 0.436548 0.076190 0.134518
1 0.057143 0.551396 0.112381 0.206853
1 0.829524 0.428299 0.057143 0.135787
1 0.985238 0.448604 0.029524 0.095178
1 0.088095 0.420051 0.065714 0.098985
1 0.193810 0.409264 0.046667 0.087563
1 0.444762 0.444162 0.066667 0.104061
1 0.747619 0.434010 0.032381 0.076142
1 0.897143 0.397843 0.032381 0.069797
1 0.700476 0.388959 0.039048 0.062183
1 0.398095 0.382614 0.028571 0.057107
1 0.018571 0.347716 0.029524 0.063452
1 0.121429 0.387056 0.029524 0.050761
1 0.171429 0.345812 0.028571 0.041878
1 0.239048 0.357234 0.034286 0.064721
1 0.290952 0.348985 0.029524 0.048223
1 0.583810 0.350254 0.038095 0.055838
1 0.448571 0.372462 0.020952 0.031726
1 0.705238 0.343274 0.018095 0.024112
1 0.961905 0.381345 0.030476 0.057107
1 0.663333 0.364213 0.018095 0.027919
1 0.728571 0.357234 0.015238 0.039340
