1 0.215000 0.723214 0.096667 0.255952
1 0.373333 0.616071 0.080000 0.172619
1 0.416667 0.511905 0.060000 0.154762
1 0.573333 0.758929 0.120000 0.255952
1 0.696667 0.601190 0.080000 0.250000
1 0.725000 0.535714 0.063333 0.178571
1 0.870000 0.395833 0.046667 0.160714
1 0.876667 0.758929 0.093333 0.244048
1 0.951667 0.636905 0.070000 0.190476
1 0.526667 0.470238 0.046667 0.142857
1 0.225000 0.482143 0.063333 0.130952
1 0.245000 0.404762 0.043333 0.095238
1 0.310000 0.342262 0.053333 0.113095
1 0.433333 0.351190 0.046667 0.130952
1 0.611667 0.279762 0.050000 0.095238
1 0.545000 0.372024 0.043333 0.113095
1 0.100000 0.321429 0.046667 0.107143
1 0.025000 0.327381 0.043333 0.107143
1 0.143333 0.279762 0.053333 0.119048
1 0.456667 0.169643 0.040000 0.089286
1 0.723333 0.166667 0.040000 0.083333
1 0.818333 0.217262 0.043333 0.113095
1 0.703333 0.309524 0.033333 0.107143
1 0.891667 0.154762 0.036667 0.095238
1 0.266667 0.264881 0.040000 0.101190
1 0.581667 0.068452 0.036667 0.089286
1 0.425000 0.086310 0.043333 0.089286
1 0.673333 0.142857 0.033333 0.107143
1 0.758333 0.375000 0.056667 0.154762
1 0.963333 0.110119 0.040000 0.101190
1 0.823333 0.098214 0.046667 0.101190
1 0.913333 0.053571 0.033333 0.083333
1 0.233333 0.089286 0.040000 0.083333
1 0.518333 0.044643 0.036667 0.077381
1 0.530000 0.163690 0.046667 0.101190
