1 0.156364 0.166667 0.058182 0.092896
1 0.272727 0.183060 0.050909 0.092896
1 0.367273 0.191257 0.043636 0.087432
1 0.503636 0.218579 0.047273 0.076503
1 0.050909 0.185792 0.043636 0.076503
1 0.580000 0.210383 0.047273 0.081967
1 0.849091 0.169399 0.047273 0.098361
1 0.685455 0.243169 0.032727 0.071038
1 0.956364 0.128415 0.058182 0.114754
1 0.227273 0.193989 0.047273 0.092896
0 0.409091 0.248634 0.047273 0.103825
1 0.436364 0.155738 0.043636 0.081967
1 0.805455 0.166667 0.040000 0.103825
1 0.610909 0.188525 0.043636 0.092896
