1 0.499000 0.560440 0.074000 0.136863
1 0.279000 0.547453 0.074000 0.136863
1 0.640333 0.431818 0.074000 0.136364
1 0.953333 0.550450 0.074000 0.136863
1 0.849333 0.880370 0.172000 0.227273
1 0.062667 0.645355 0.120667 0.251748
1 0.213500 0.893107 0.149000 0.212787
1 0.396333 0.468282 0.052000 0.108392
1 0.241167 0.420080 0.051667 0.108891
1 0.185000 0.396104 0.052000 0.108891
1 0.072167 0.379121 0.051667 0.108891
1 0.526333 0.389111 0.052000 0.108891
1 0.838333 0.490010 0.052000 0.108891
1 0.901667 0.491758 0.040000 0.104396
1 0.767500 0.417083 0.037000 0.085914
1 0.360000 0.402348 0.026667 0.077423
1 0.339667 0.350150 0.044667 0.061938
1 0.409167 0.385365 0.037000 0.046454
1 0.439333 0.336164 0.036000 0.058941
1 0.935167 0.399101 0.035667 0.059940
