1 0.450000 0.459091 0.055556 0.109091
1 0.712500 0.337500 0.055556 0.109091
1 0.563889 0.259091 0.055556 0.109091
1 0.347222 0.297727 0.055556 0.109091
1 0.169444 0.298864 0.055556 0.109091
1 0.079861 0.254545 0.055556 0.109091
1 0.406597 0.265909 0.040972 0.115909
1 0.472569 0.267614 0.040972 0.085227
1 0.648264 0.321591 0.054861 0.111364
1 0.758333 0.238636 0.048611 0.102273
1 0.939583 0.247727 0.040278 0.086364
1 0.882639 0.228409 0.044444 0.090909
0 0.808333 0.253977 0.041667 0.071591
1 0.607639 0.288636 0.036111 0.093182
1 0.292708 0.228977 0.038194 0.096591
