1 0.287273 0.540984 0.050909 0.098361
1 0.570909 0.904372 0.123636 0.169399
1 0.518182 0.576503 0.069091 0.136612
1 0.456364 0.497268 0.061818 0.109290
1 0.258182 0.431694 0.050909 0.098361
1 0.638182 0.500000 0.069091 0.103825
1 0.467273 0.407104 0.047273 0.049180
1 0.416364 0.387978 0.061818 0.087432
1 0.332727 0.308743 0.054545 0.103825
1 0.480000 0.303279 0.050909 0.071038
1 0.800000 0.601093 0.058182 0.098361
1 0.898182 0.472678 0.050909 0.092896
1 0.769091 0.382514 0.047273 0.076503
1 0.587273 0.338798 0.054545 0.065574
1 0.627273 0.292350 0.032727 0.060109
0 0.769091 0.234973 0.040000 0.065574
1 0.752727 0.180328 0.043636 0.087432
1 0.485455 0.207650 0.040000 0.076503
1 0.569091 0.191257 0.054545 0.076503
1 0.690909 0.180328 0.036364 0.065574
1 0.883636 0.144809 0.043636 0.081967
1 0.623636 0.136612 0.040000 0.087432
1 0.558182 0.120219 0.040000 0.065574
1 0.776364 0.084699 0.040000 0.071038
