1 0.383333 0.235119 0.053333 0.113095
1 0.586667 0.220238 0.046667 0.130952
1 0.695000 0.264881 0.043333 0.113095
1 0.808333 0.241071 0.050000 0.148810
1 0.095000 0.244048 0.036667 0.095238
1 0.935000 0.211310 0.043333 0.101190
1 0.988333 0.226190 0.023333 0.107143
1 0.015000 0.285714 0.023333 0.107143
1 0.240000 0.261905 0.040000 0.083333
1 0.163333 0.232143 0.026667 0.059524
1 0.123333 0.244048 0.020000 0.059524
1 0.493333 0.247024 0.033333 0.077381
1 0.653333 0.261905 0.026667 0.059524
1 0.055000 0.279762 0.030000 0.083333
