0 0.494810 0.206897 0.041522 0.068966
1 0.565744 0.158046 0.024221 0.074713
1 0.653979 0.169540 0.027682 0.063218
1 0.737024 0.189655 0.020761 0.068966
1 0.797578 0.209770 0.024221 0.074713
1 0.406574 0.143678 0.031142 0.068966
1 0.323529 0.135057 0.024221 0.063218
1 0.525952 0.155172 0.027682 0.045977
1 0.453287 0.152299 0.027682 0.051724
1 0.690311 0.181034 0.024221 0.074713
1 0.605536 0.163793 0.034602 0.063218
1 0.934256 0.221264 0.027682 0.074713
1 0.074394 0.077586 0.031142 0.051724
1 0.186851 0.094828 0.020761 0.051724
