1 0.147157 0.595238 0.046823 0.107143
1 0.302676 0.494048 0.043478 0.107143
1 0.441472 0.464286 0.046823 0.095238
1 0.590301 0.434524 0.036789 0.107143
1 0.824415 0.500000 0.076923 0.190476
1 0.941472 0.473214 0.056856 0.148810
1 0.229097 0.514881 0.043478 0.101190
1 0.192308 0.514881 0.030100 0.101190
1 0.267559 0.318452 0.040134 0.101190
1 0.369565 0.431548 0.036789 0.113095
1 0.376254 0.300595 0.030100 0.125000
1 0.503344 0.342262 0.036789 0.101190
1 0.550167 0.324405 0.036789 0.089286
1 0.051839 0.431548 0.043478 0.113095
0 0.122074 0.476190 0.050167 0.119048
1 0.086957 0.116071 0.033445 0.089286
1 0.135452 0.122024 0.030100 0.065476
1 0.187291 0.104167 0.026756 0.065476
1 0.232441 0.116071 0.030100 0.077381
1 0.362876 0.193452 0.030100 0.077381
1 0.658863 0.389881 0.040134 0.101190
1 0.806020 0.297619 0.026756 0.083333
1 0.862876 0.276786 0.040134 0.089286
1 0.596990 0.247024 0.030100 0.065476
1 0.757525 0.276786 0.036789 0.089286
1 0.737458 0.190476 0.023411 0.059524
1 0.433110 0.336310 0.036789 0.101190
1 0.520067 0.473214 0.030100 0.101190
