1 0.140000 0.587000 0.127333 0.305000
1 0.393500 0.494500 0.094333 0.207000
1 0.542833 0.556000 0.142333 0.288000
1 0.911833 0.444500 0.073667 0.155000
1 0.667500 0.430000 0.072333 0.160000
1 0.764667 0.410250 0.055333 0.117500
0 0.827833 0.358500 0.043667 0.107000
0 0.969500 0.364500 0.043667 0.107000
0 0.596500 0.322500 0.043667 0.107000
0 0.304333 0.376500 0.054000 0.143000
0 0.453167 0.368000 0.034333 0.081000
0 0.544000 0.297250 0.036667 0.074500
1 0.227833 0.379000 0.043667 0.152000
1 0.494667 0.334250 0.036667 0.079500
