0 0.464646 0.552941 0.134680 0.247059
0 0.319865 0.376471 0.114478 0.200000
0 0.175084 0.408824 0.074074 0.158824
0 0.153199 0.320588 0.050505 0.100000
0 0.126263 0.247059 0.050505 0.082353
0 0.287879 0.223529 0.057239 0.105882
0 0.457912 0.317647 0.074074 0.129412
0 0.653199 0.370588 0.067340 0.152941
0 0.819865 0.302941 0.057239 0.100000
0 0.594276 0.264706 0.043771 0.094118
0 0.668350 0.238235 0.030303 0.076471
0 0.479798 0.217647 0.030303 0.070588
0 0.397306 0.205882 0.040404 0.058824
0 0.405724 0.317647 0.050505 0.117647
0 0.030303 0.379412 0.053872 0.182353
