1 0.029382 0.443946 0.032869 0.050822
1 0.270916 0.453662 0.025896 0.049327
1 0.540339 0.573991 0.106574 0.161435
1 0.429781 0.446936 0.022908 0.044843
1 0.372510 0.471599 0.019920 0.043348
1 0.492530 0.455157 0.028884 0.037369
1 0.647908 0.461883 0.022908 0.059791
1 0.235060 0.463378 0.025896 0.050822
1 0.874502 0.334828 0.025896 0.050822
1 0.890438 0.399103 0.025896 0.050822
1 0.730080 0.478326 0.025896 0.050822
1 0.123506 0.475336 0.025896 0.050822
1 0.687251 0.439462 0.025896 0.050822
0 0.342131 0.442451 0.020916 0.047833
1 0.883964 0.443946 0.018924 0.038864
1 0.932271 0.450673 0.021912 0.040359
