1 0.378125 0.894444 0.070833 0.170370
1 0.573958 0.761111 0.079167 0.196296
1 0.933333 0.548148 0.072917 0.162963
1 0.509896 0.662037 0.057292 0.187037
1 0.128125 0.725000 0.075000 0.172222
1 0.043229 0.827778 0.065625 0.214815
1 0.179167 0.636111 0.041667 0.161111
1 0.278125 0.374074 0.070833 0.166667
1 0.501042 0.283333 0.054167 0.155556
1 0.895312 0.174074 0.061458 0.162963
1 0.661458 0.096296 0.068750 0.155556
1 0.645312 0.375926 0.055208 0.118519
1 0.751042 0.094444 0.068750 0.151852
1 0.825000 0.032870 0.056250 0.063889
1 0.485417 0.095370 0.068750 0.135185
1 0.262500 0.099074 0.056250 0.150000
1 0.079167 0.192593 0.050000 0.137037
0 0.110417 0.333333 0.077083 0.188889
1 0.018750 0.137037 0.029167 0.166667
