1 0.127273 0.770492 0.029091 0.043716
1 0.489091 0.781421 0.032727 0.054645
1 0.727273 0.836066 0.029091 0.054645
1 0.878182 0.781421 0.032727 0.065574
1 0.270909 0.601093 0.032727 0.043716
1 0.410909 0.598361 0.036364 0.049180
1 0.596364 0.601093 0.029091 0.043716
1 0.738182 0.601093 0.021818 0.043716
1 0.896364 0.612022 0.025455 0.043716
1 0.125455 0.475410 0.025455 0.054645
1 0.505455 0.486339 0.021818 0.032787
1 0.125455 0.396175 0.018182 0.027322
1 0.458182 0.412568 0.021818 0.038251
1 0.570909 0.404372 0.021818 0.054645
