1 0.096983 0.581006 0.090517 0.245810
1 0.272989 0.913408 0.100575 0.173184
1 0.429598 0.858939 0.123563 0.282123
1 0.551724 0.744413 0.051724 0.276536
1 0.792385 0.660615 0.102011 0.243017
1 0.864943 0.613128 0.045977 0.248603
1 0.954741 0.427374 0.090517 0.268156
1 0.630029 0.567039 0.067529 0.256983
1 0.754310 0.363128 0.083333 0.268156
1 0.853448 0.339385 0.068966 0.226257
1 0.927443 0.164804 0.073276 0.189944
1 0.602011 0.305866 0.066092 0.209497
1 0.524425 0.339385 0.074713 0.187151
1 0.418822 0.349162 0.076149 0.184358
1 0.320402 0.569832 0.080460 0.229050
1 0.208333 0.493017 0.063218 0.226257
1 0.341954 0.234637 0.054598 0.189944
1 0.063218 0.243017 0.074713 0.167598
1 0.668822 0.113128 0.056034 0.175978
1 0.133621 0.103352 0.057471 0.184358
1 0.954741 0.835196 0.090517 0.312849
1 0.431034 0.041899 0.060345 0.078212
1 0.359195 0.036313 0.057471 0.067039
1 0.261494 0.029330 0.051724 0.053073
0 0.533046 0.078212 0.063218 0.122905
