1 0.507862 0.305031 0.066038 0.207547
1 0.584906 0.537736 0.100629 0.270440
0 0.729560 0.408805 0.075472 0.201258
0 0.627358 0.471698 0.066038 0.226415
0 0.108491 0.308176 0.135220 0.289308
0 0.349057 0.138365 0.050314 0.125786
1 0.320755 0.553459 0.081761 0.201258
0 0.605346 0.261006 0.053459 0.144654
0 0.720126 0.154088 0.056604 0.144654
0 0.205975 0.223270 0.091195 0.182390
0 0.455975 0.245283 0.044025 0.163522
0 0.836478 0.273585 0.050314 0.144654
0 0.658805 0.182390 0.047170 0.100629
0 0.772013 0.125786 0.034591 0.125786
0 0.617925 0.128931 0.034591 0.119497
0 0.487421 0.097484 0.037736 0.132075
0 0.567610 0.094340 0.028302 0.088050
0 0.529874 0.150943 0.022013 0.075472
