1 0.134375 0.595313 0.135417 0.265625
1 0.395833 0.495312 0.100000 0.184375
1 0.539583 0.557813 0.125000 0.290625
1 0.911458 0.446875 0.068750 0.137500
1 0.668750 0.439063 0.062500 0.140625
1 0.765625 0.415625 0.056250 0.118750
0 0.825000 0.351562 0.050000 0.103125
0 0.593750 0.329688 0.050000 0.103125
0 0.307292 0.392188 0.060417 0.115625
0 0.220833 0.385937 0.066667 0.121875
1 0.501042 0.337500 0.047917 0.062500
0 0.450000 0.370312 0.037500 0.078125
0 0.965625 0.364063 0.056250 0.115625
0 0.550000 0.298438 0.037500 0.078125
