1 0.058099 0.570621 0.109155 0.225989
1 0.221831 0.714689 0.197183 0.367232
1 0.399648 0.627119 0.165493 0.338983
1 0.480634 0.429379 0.116197 0.237288
1 0.239437 0.426554 0.105634 0.197740
1 0.193662 0.217514 0.077465 0.163842
1 0.563380 0.392655 0.070423 0.141243
1 0.642606 0.449153 0.095070 0.163842
1 0.741197 0.454802 0.102113 0.220339
1 0.945423 0.548023 0.109155 0.248588
1 0.258803 0.225989 0.066901 0.124294
1 0.461268 0.262712 0.063380 0.129944
1 0.517606 0.276836 0.084507 0.135593
1 0.603873 0.290960 0.080986 0.152542
1 0.716549 0.290960 0.095070 0.175141
1 0.117958 0.186441 0.059859 0.101695
1 0.389085 0.206215 0.052817 0.107345
1 0.783451 0.330508 0.066901 0.152542
1 0.838028 0.217514 0.042254 0.107345
1 0.892606 0.231638 0.045775 0.112994
1 0.936620 0.299435 0.063380 0.135593
1 0.059859 0.197740 0.049296 0.101695
1 0.494718 0.163842 0.066901 0.101695
