1 0.116438 0.083815 0.061644 0.156069
1 0.238014 0.080925 0.044521 0.092486
1 0.224315 0.329480 0.071918 0.138728
0 0.219178 0.153179 0.047945 0.121387
1 0.171233 0.135838 0.027397 0.075145
1 0.035959 0.092486 0.030822 0.080925
1 0.340753 0.147399 0.023973 0.109827
1 0.383562 0.141618 0.075342 0.132948
0 0.417808 0.054913 0.075342 0.098266
1 0.565068 0.127168 0.068493 0.138728
1 0.556507 0.445087 0.071918 0.150289
1 0.710616 0.219653 0.071918 0.150289
1 0.773973 0.173410 0.068493 0.127168
0 0.902397 0.210983 0.078767 0.190751
0 0.982877 0.193642 0.034247 0.098266
