1 0.655678 0.459459 0.080586 0.162162
1 0.890110 0.308108 0.065934 0.118919
1 0.109890 0.486486 0.073260 0.108108
1 0.692308 0.275676 0.073260 0.151351
1 0.553114 0.348649 0.058608 0.113514
1 0.505495 0.456757 0.058608 0.102703
1 0.395604 0.394595 0.043956 0.097297
1 0.347985 0.397297 0.036630 0.081081
1 0.437729 0.397297 0.032967 0.070270
1 0.195971 0.464865 0.047619 0.097297
1 0.049451 0.440541 0.047619 0.070270
1 0.283883 0.472973 0.040293 0.081081
1 0.318681 0.400000 0.021978 0.064865
1 0.476190 0.383784 0.043956 0.108108
