1 0.125417 0.829759 0.067500 0.142091
1 0.040417 0.926944 0.067500 0.140751
1 0.563333 0.873995 0.066667 0.142091
1 0.505417 0.785523 0.054167 0.144772
1 0.643750 0.518767 0.057500 0.120643
1 0.274583 0.513405 0.072500 0.160858
1 0.933750 0.676944 0.070833 0.144772
1 0.894167 0.349196 0.070000 0.132708
1 0.752083 0.271448 0.077500 0.140751
1 0.656667 0.266086 0.063333 0.154155
1 0.480000 0.260724 0.058333 0.143432
1 0.261250 0.271448 0.055833 0.113941
1 0.298750 0.054960 0.070833 0.101877
1 0.820417 0.063673 0.052500 0.113941
1 0.497917 0.113271 0.064167 0.089812
1 0.075417 0.351877 0.050833 0.119303
0 0.109583 0.485255 0.082500 0.160858
0 0.079583 0.041555 0.047500 0.080429
1 0.495833 0.441689 0.060000 0.132708
1 0.020417 0.304960 0.030833 0.164879
1 0.175000 0.765416 0.046667 0.142091
1 0.822500 0.176944 0.061667 0.115282
