0 0.270000 0.517857 0.033333 0.083333
0 0.336667 0.529762 0.040000 0.095238
0 0.383333 0.529762 0.040000 0.095238
0 0.443333 0.559524 0.040000 0.083333
0 0.496667 0.500000 0.040000 0.107143
0 0.545000 0.544643 0.036667 0.113095
0 0.605000 0.497024 0.050000 0.125000
0 0.660000 0.497024 0.040000 0.113095
0 0.731667 0.556548 0.056667 0.125000
0 0.911667 0.761905 0.110000 0.261905
0 0.046667 0.827381 0.073333 0.190476
0 0.145000 0.485119 0.030000 0.065476
0 0.108333 0.500000 0.030000 0.083333
0 0.013333 0.514881 0.020000 0.077381
0 0.036667 0.497024 0.026667 0.065476
0 0.055000 0.482143 0.023333 0.059524
0 0.076667 0.473214 0.026667 0.065476
0 0.190000 0.422619 0.026667 0.059524
0 0.295000 0.452381 0.030000 0.083333
0 0.376667 0.452381 0.033333 0.071429
0 0.451667 0.458333 0.036667 0.083333
0 0.415000 0.410714 0.030000 0.071429
0 0.778333 0.514881 0.050000 0.125000
0 0.240000 0.473214 0.033333 0.077381
1 0.483333 0.375000 0.013333 0.035714
1 0.510000 0.369048 0.013333 0.035714
1 0.671667 0.431548 0.030000 0.065476
