1 0.117000 0.519918 0.080000 0.157967
1 0.364000 0.445742 0.078000 0.157967
1 0.566500 0.442995 0.079000 0.157967
1 0.660000 0.621566 0.112000 0.232143
1 0.799500 0.545330 0.125000 0.260989
1 0.947500 0.443681 0.059000 0.131868
1 0.687000 0.335852 0.086000 0.157967
1 0.495000 0.358516 0.058000 0.093407
1 0.821500 0.245192 0.065000 0.144231
1 0.928500 0.223214 0.043000 0.097527
1 0.631000 0.186126 0.038000 0.097527
1 0.477500 0.207418 0.045000 0.096154
1 0.360000 0.158654 0.050000 0.094780
1 0.237500 0.217720 0.057000 0.100275
1 0.251000 0.415522 0.068000 0.108516
1 0.533000 0.256181 0.042000 0.078297
1 0.141500 0.155907 0.051000 0.094780
1 0.049500 0.360577 0.055000 0.122253
