1 0.256616 0.257447 0.097353 0.177305
1 0.586957 0.319149 0.096408 0.175887
0 0.967864 0.131206 0.064272 0.163121
0 0.651229 0.128369 0.058601 0.092199
0 0.395558 0.177305 0.050095 0.087943
0 0.487713 0.163121 0.041588 0.093617
0 0.125709 0.105674 0.058601 0.131915
0 0.531191 0.109220 0.026465 0.053901
0 0.884688 0.046809 0.079395 0.090780
0 0.431474 0.129078 0.033081 0.062411
0 0.571361 0.135461 0.033081 0.055319
0 0.700851 0.134752 0.023629 0.053901
0 0.341682 0.130496 0.021739 0.051064
0 0.370983 0.131915 0.021739 0.051064
