1 0.045455 0.919225 0.072727 0.161551
1 0.126818 0.830372 0.073636 0.161551
1 0.280455 0.471729 0.073636 0.161551
1 0.498636 0.407108 0.064545 0.138934
1 0.640455 0.471729 0.066364 0.148627
1 0.507273 0.776252 0.054545 0.163166
1 0.930455 0.666397 0.073636 0.176090
1 0.894091 0.297254 0.075455 0.132472
1 0.569545 0.885299 0.077273 0.171244
1 0.175000 0.745557 0.048182 0.140549
1 0.108636 0.470113 0.071818 0.145396
1 0.261364 0.212439 0.059091 0.143780
1 0.481818 0.201131 0.063636 0.143780
1 0.657727 0.202746 0.060909 0.163166
1 0.753182 0.197900 0.064545 0.169628
1 0.823636 0.123586 0.058182 0.117932
1 0.077727 0.300485 0.060909 0.113086
1 0.478182 0.052504 0.052727 0.088853
1 0.019091 0.255250 0.027273 0.126010
