0 0.395508 0.572049 0.169922 0.418403
1 0.197266 0.425347 0.089844 0.211806
1 0.089355 0.319444 0.065430 0.145833
1 0.280273 0.241319 0.054688 0.125000
1 0.354980 0.202257 0.053711 0.137153
1 0.546387 0.320312 0.079102 0.185764
1 0.666504 0.409722 0.092773 0.173611
1 0.817871 0.254340 0.071289 0.164931
1 0.830566 0.506076 0.081055 0.206597
1 0.429688 0.274306 0.050781 0.118056
0 0.461426 0.160590 0.041992 0.095486
1 0.164551 0.178819 0.047852 0.128472
1 0.123047 0.184028 0.031250 0.118056
1 0.784668 0.196181 0.034180 0.090278
