1 0.176426 0.586545 0.110797 0.208361
1 0.525033 0.649739 0.099695 0.219138
1 0.788529 0.687786 0.097301 0.195950
1 0.955268 0.530699 0.064214 0.152188
1 0.071724 0.484161 0.065520 0.102874
1 0.392904 0.466199 0.048759 0.123122
1 0.519591 0.454605 0.057031 0.096669
1 0.570636 0.470607 0.035046 0.101241
1 0.728232 0.349445 0.041576 0.085565
1 0.263931 0.558622 0.065956 0.124428
1 0.346865 0.515186 0.035481 0.085892
0 0.834458 0.500653 0.075533 0.166558
1 0.615041 0.388145 0.035481 0.072175
0 0.298868 0.475833 0.037875 0.092750
1 0.682630 0.366590 0.037875 0.053233
1 0.122333 0.395820 0.040052 0.087524
1 0.957553 0.296212 0.021768 0.046375
1 0.374946 0.371653 0.041141 0.084259
0 0.472464 0.331483 0.038964 0.065317
1 0.424249 0.338994 0.029604 0.060091
1 0.512407 0.311561 0.018285 0.035924
1 0.324010 0.323645 0.019373 0.043109
1 0.916957 0.314174 0.020679 0.051600
1 0.937527 0.302253 0.016108 0.044742
0 0.558881 0.318583 0.024162 0.053233
0 0.440901 0.518779 0.062908 0.178641
0 0.020353 0.637655 0.040270 0.167538
1 0.251197 0.295232 0.018285 0.030699
1 0.644210 0.306499 0.025033 0.042782
1 0.165977 0.301274 0.026339 0.039517
