0 0.220000 0.311475 0.040000 0.087432
0 0.361818 0.469945 0.047273 0.098361
0 0.747273 0.551913 0.040000 0.098361
0 0.641818 0.448087 0.076364 0.109290
0 0.600000 0.349727 0.050909 0.098361
0 0.494545 0.579235 0.043636 0.098361
0 0.272727 0.292350 0.050909 0.114754
0 0.341818 0.297814 0.036364 0.081967
0 0.649091 0.286885 0.040000 0.081967
0 0.830909 0.502732 0.040000 0.098361
0 0.867273 0.494536 0.025455 0.103825
0 0.896364 0.311475 0.047273 0.109290
0 0.832727 0.286885 0.043636 0.081967
0 0.767273 0.281421 0.043636 0.092896
0 0.094545 0.248634 0.036364 0.071038
0 0.161818 0.245902 0.032727 0.076503
0 0.178182 0.325137 0.036364 0.071038
0 0.045455 0.172131 0.032727 0.071038
0 0.090909 0.158470 0.029091 0.065574
0 0.274545 0.188525 0.032727 0.071038
0 0.661818 0.221311 0.036364 0.071038
0 0.667273 0.382514 0.047273 0.087432
