1 0.041319 0.853977 0.067361 0.162500
1 0.121528 0.765341 0.066667 0.162500
1 0.376042 0.902841 0.067361 0.162500
1 0.571181 0.803409 0.074306 0.163636
1 0.927431 0.606250 0.067361 0.162500
1 0.172917 0.705114 0.058333 0.148864
1 0.274653 0.477841 0.077083 0.139773
1 0.498611 0.408523 0.062500 0.123864
1 0.505903 0.719318 0.047917 0.175000
1 0.639583 0.469886 0.055556 0.137500
1 0.890972 0.325000 0.069444 0.131818
1 0.748611 0.253409 0.065278 0.127273
1 0.655903 0.256818 0.064583 0.134091
1 0.482639 0.251136 0.065278 0.120455
1 0.257986 0.252841 0.056250 0.123864
1 0.077778 0.331250 0.051389 0.103409
1 0.018403 0.294886 0.027083 0.103409
0 0.106250 0.463636 0.077778 0.147727
0 0.081944 0.049432 0.054167 0.089773
1 0.300694 0.061364 0.059722 0.106818
1 0.491319 0.116477 0.070139 0.098864
1 0.821875 0.065909 0.061806 0.100000
