1 0.334545 0.516393 0.036364 0.060109
1 0.352727 0.407104 0.029091 0.049180
1 0.416364 0.456284 0.025455 0.060109
1 0.476364 0.519126 0.036364 0.054645
1 0.527273 0.434426 0.029091 0.060109
1 0.654545 0.486339 0.029091 0.043716
1 0.274545 0.133880 0.025455 0.038251
1 0.360000 0.125683 0.021818 0.043716
1 0.410909 0.166667 0.021818 0.038251
1 0.530909 0.245902 0.021818 0.054645
1 0.500000 0.363388 0.025455 0.049180
1 0.661818 0.314208 0.029091 0.049180
1 0.845455 0.565574 0.025455 0.060109
1 0.812727 0.221311 0.025455 0.049180
