1 0.420578 0.790490 0.119134 0.181278
1 0.646811 0.881129 0.119134 0.181278
1 0.645608 0.878158 0.119134 0.181278
1 0.949458 0.786776 0.101083 0.218425
1 0.838748 0.901189 0.144404 0.191679
1 0.268351 0.818722 0.117930 0.154532
1 0.105295 0.601040 0.097473 0.170877
1 0.320096 0.616642 0.110710 0.160475
1 0.561372 0.710996 0.102286 0.147103
1 0.791215 0.664190 0.138387 0.178306
1 0.636582 0.604012 0.072202 0.176820
1 0.756919 0.486627 0.086643 0.161961
1 0.956679 0.505201 0.086643 0.208024
1 0.850181 0.460624 0.078219 0.157504
1 0.206980 0.560921 0.079422 0.170877
1 0.921179 0.343982 0.073406 0.102526
1 0.525271 0.467311 0.085439 0.141159
1 0.604091 0.442051 0.067389 0.141159
1 0.422984 0.466568 0.070999 0.121842
1 0.056558 0.393759 0.084236 0.118871
1 0.132972 0.316493 0.066185 0.118871
1 0.350782 0.378900 0.056558 0.139673
1 0.654633 0.312779 0.064982 0.114413
1 0.803851 0.231798 0.067389 0.106984
1 0.352587 0.257058 0.064982 0.101040
1 0.427798 0.243685 0.075812 0.124814
1 0.586643 0.196880 0.049338 0.090639
1 0.703971 0.235513 0.050542 0.105498
1 0.957280 0.258544 0.061372 0.095097
1 0.892900 0.179792 0.060168 0.101040
1 0.167870 0.243685 0.066185 0.098068
1 0.497593 0.174591 0.068592 0.084695
1 0.258724 0.242942 0.064982 0.105498
1 0.392900 0.120357 0.049338 0.077266
1 0.094465 0.121842 0.046931 0.065379
1 0.047533 0.104755 0.037304 0.084695
1 0.216005 0.141159 0.027677 0.077266
1 0.267750 0.168648 0.030084 0.069837
1 0.286402 0.120357 0.040915 0.062407
1 0.321300 0.095840 0.031288 0.066865
1 0.489771 0.095097 0.045728 0.050520
1 0.563779 0.115156 0.034898 0.057949
1 0.600481 0.121100 0.036101 0.054978
1 0.673887 0.150074 0.045728 0.053492
0 0.531288 0.285290 0.080626 0.109955
1 0.959085 0.024517 0.057762 0.046062
1 0.493381 0.039376 0.043321 0.063893
1 0.380866 0.048291 0.044525 0.066865
1 0.102888 0.031204 0.046931 0.059435
1 0.166667 0.031204 0.051745 0.059435
