0 0.135429 0.889045 0.049714 0.104869
0 0.167143 0.527622 0.049714 0.103933
0 0.134429 0.888811 0.049429 0.104401
0 0.133857 0.887875 0.049429 0.104401
0 0.043714 0.555712 0.048571 0.080524
0 0.030286 0.661751 0.048000 0.080056
0 0.058286 0.426498 0.048000 0.080524
0 0.065429 0.278324 0.048000 0.080056
0 0.212000 0.248596 0.048000 0.080524
0 0.099429 0.223315 0.041143 0.071161
0 0.117429 0.094335 0.037143 0.088483
0 0.205429 0.129682 0.042286 0.102060
0 0.228857 0.044710 0.031429 0.067884
0 0.492857 0.913390 0.047429 0.105805
0 0.150000 0.669710 0.041714 0.104401
0 0.472429 0.831929 0.031714 0.057116
0 0.597571 0.719569 0.039143 0.079588
0 0.640429 0.934223 0.031714 0.088483
0 0.468429 0.649813 0.041429 0.091760
0 0.433714 0.568118 0.041714 0.091292
0 0.550429 0.475187 0.041429 0.091760
0 0.562286 0.663624 0.029714 0.088483
0 0.650714 0.548455 0.032286 0.093165
0 0.644429 0.705056 0.036286 0.071161
0 0.734286 0.660581 0.043429 0.098315
0 0.742286 0.515918 0.043429 0.098315
0 0.729000 0.411049 0.043714 0.098315
0 0.457429 0.480805 0.034286 0.080524
0 0.453429 0.394429 0.034286 0.080056
0 0.564429 0.379448 0.035714 0.078184
0 0.639429 0.330056 0.034286 0.080524
0 0.700429 0.360019 0.032857 0.064607
0 0.706286 0.269195 0.029714 0.058989
0 0.530143 0.376639 0.024286 0.055712
0 0.590429 0.245787 0.032857 0.077715
0 0.635857 0.229401 0.028286 0.073034
0 0.546857 0.229401 0.032571 0.069288
0 0.458429 0.198268 0.031714 0.062266
0 0.452429 0.139747 0.032857 0.053839
0 0.615000 0.140918 0.027714 0.073034
0 0.718429 0.163390 0.026571 0.058989
0 0.688286 0.136236 0.023429 0.050562
0 0.656714 0.121021 0.026571 0.067884
0 0.647857 0.053371 0.033429 0.053371
0 0.580429 0.101592 0.031714 0.064607
0 0.476429 0.340356 0.031714 0.073034
0 0.714000 0.085206 0.026286 0.058989
0 0.762286 0.096442 0.021143 0.057116
1 0.515857 0.090356 0.027714 0.065543
1 0.468429 0.085206 0.030571 0.058989
1 0.518429 0.437266 0.026571 0.079588
0 0.521143 0.202013 0.021143 0.092228
0 0.403286 0.113764 0.027714 0.091760
1 0.432429 0.292369 0.036857 0.070693
0 0.769143 0.789560 0.037143 0.096910
0 0.798143 0.938436 0.042000 0.122191
0 0.204000 0.378511 0.038857 0.085674
0 0.161143 0.417837 0.046857 0.083801
