1 0.107273 0.336066 0.090909 0.169399
1 0.120000 0.215847 0.050909 0.092896
1 0.229091 0.234973 0.029091 0.054645
1 0.258182 0.215847 0.050909 0.103825
1 0.318182 0.215847 0.047273 0.103825
1 0.429091 0.202186 0.029091 0.054645
1 0.540000 0.224044 0.025455 0.087432
1 0.505455 0.213115 0.058182 0.153005
1 0.627273 0.215847 0.025455 0.060109
1 0.660000 0.224044 0.032727 0.087432
1 0.725455 0.180328 0.047273 0.109290
1 0.923636 0.215847 0.065455 0.114754
1 0.989091 0.213115 0.021818 0.131148
1 0.016364 0.224044 0.025455 0.076503
