1 0.192500 0.268293 0.080000 0.136585
1 0.401667 0.254268 0.080000 0.135366
1 0.576667 0.247561 0.066667 0.121951
0 0.753333 0.256098 0.066667 0.121951
0 0.949167 0.293902 0.066667 0.121951
0 0.963750 0.080488 0.052500 0.112195
0 0.641250 0.032317 0.042500 0.062195
0 0.574583 0.056707 0.030833 0.050000
0 0.013750 0.090854 0.022500 0.035366
0 0.070833 0.090854 0.028333 0.037805
0 0.147500 0.098171 0.026667 0.037805
0 0.215000 0.093902 0.026667 0.048780
1 0.369167 0.112195 0.026667 0.048780
1 0.436667 0.085366 0.026667 0.048780
0 0.708333 0.112195 0.021667 0.043902
0 0.743750 0.123780 0.025833 0.047561
1 0.820000 0.126829 0.016667 0.039024
