1 0.394134 0.602294 0.058655 0.099426
1 0.557225 0.476099 0.058655 0.099426
1 0.736767 0.521033 0.062947 0.120459
1 0.934192 0.698853 0.065808 0.139579
1 0.867668 0.901530 0.090129 0.162524
1 0.144492 0.504780 0.045780 0.091778
1 0.075823 0.369025 0.048641 0.080306
1 0.324034 0.498088 0.047210 0.105163
1 0.412017 0.509560 0.045780 0.066922
1 0.499285 0.450287 0.051502 0.101338
1 0.926323 0.364245 0.055794 0.078394
1 0.866237 0.470363 0.061516 0.118547
1 0.173820 0.422562 0.052933 0.065010
1 0.601574 0.318356 0.035765 0.059273
1 0.117310 0.212237 0.031474 0.068834
1 0.376967 0.233270 0.021459 0.045889
1 0.443491 0.231358 0.020029 0.057361
1 0.399142 0.120459 0.020029 0.049713
1 0.165236 0.110899 0.030043 0.042065
1 0.089413 0.091778 0.027182 0.049713
1 0.155937 0.048757 0.020029 0.036329
1 0.049356 0.014340 0.021459 0.024857
1 0.363376 0.334608 0.028612 0.065010
1 0.246066 0.285851 0.025751 0.040153
1 0.180973 0.356597 0.035765 0.059273
0 0.740343 0.375717 0.047210 0.074570
0 0.128040 0.371893 0.027182 0.063098
0 0.435622 0.369025 0.047210 0.087954
0 0.650930 0.419694 0.042918 0.089866
0 0.147353 0.299235 0.025751 0.043977
0 0.201717 0.218929 0.022890 0.043977
0 0.346924 0.177820 0.021459 0.038241
0 0.320458 0.105163 0.022890 0.045889
0 0.276824 0.049713 0.021459 0.038241
0 0.361230 0.060229 0.021459 0.059273
0 0.310443 0.325048 0.022890 0.057361
0 0.492847 0.323136 0.032904 0.065010
1 0.221745 0.377629 0.028612 0.066922
