1 0.308750 0.723633 0.140000 0.279297
1 0.510000 0.604492 0.115000 0.244141
1 0.080000 0.898438 0.132500 0.203125
1 0.705000 0.586914 0.105000 0.162109
1 0.942500 0.405273 0.090000 0.111328
1 0.322500 0.237305 0.040000 0.083984
1 0.566875 0.370117 0.046250 0.099609
1 0.421875 0.245117 0.043750 0.091797
1 0.596875 0.156250 0.033750 0.085938
1 0.758125 0.188477 0.036250 0.076172
1 0.499375 0.135742 0.031250 0.060547
1 0.398750 0.108398 0.040000 0.076172
1 0.367500 0.083984 0.025000 0.078125
1 0.296875 0.109375 0.033750 0.066406
0 0.663125 0.191406 0.051250 0.097656
0 0.448750 0.437500 0.057500 0.125000
0 0.850625 0.338867 0.043750 0.111328
