0 0.033210 0.577957 0.029520 0.069892
0 0.116236 0.575269 0.033210 0.064516
0 0.202952 0.575269 0.022140 0.064516
0 0.309963 0.572581 0.022140 0.059140
0 0.392989 0.586022 0.025830 0.064516
0 0.477860 0.602151 0.033210 0.053763
0 0.511070 0.564516 0.033210 0.064516
0 0.601476 0.561828 0.029520 0.048387
0 0.678967 0.572581 0.029520 0.048387
0 0.732472 0.543011 0.033210 0.064516
0 0.793358 0.577957 0.022140 0.059140
0 0.857934 0.556452 0.025830 0.048387
0 0.939114 0.588710 0.033210 0.059140
0 0.544280 0.543011 0.025830 0.064516
0 0.405904 0.529570 0.022140 0.059140
0 0.472325 0.526882 0.022140 0.053763
0 0.459410 0.572581 0.033210 0.059140
0 0.939114 0.548387 0.033210 0.053763
0 0.817343 0.532258 0.033210 0.053763
0 0.073801 0.481183 0.029520 0.048387
0 0.143911 0.486559 0.029520 0.059140
0 0.261993 0.494624 0.022140 0.053763
0 0.413284 0.465054 0.036900 0.059140
0 0.354244 0.564516 0.029520 0.043011
0 0.970480 0.516129 0.036900 0.064516
0 0.321033 0.508065 0.029520 0.059140
0 0.230627 0.462366 0.033210 0.053763
0 0.671587 0.470430 0.029520 0.037634
0 0.763838 0.459677 0.022140 0.048387
0 0.547970 0.448925 0.025830 0.037634
0 0.891144 0.534946 0.033210 0.048387
0 0.455720 0.465054 0.025830 0.048387
