1 0.173500 0.661738 0.075000 0.203327
1 0.350500 0.536044 0.073000 0.195933
1 0.575500 0.440850 0.065000 0.182994
1 0.658500 0.265250 0.067000 0.168207
1 0.425500 0.342884 0.067000 0.168207
1 0.548500 0.280037 0.067000 0.168207
1 0.817000 0.189464 0.050000 0.112754
1 0.852000 0.074861 0.036000 0.094270
1 0.903000 0.100739 0.036000 0.094270
1 0.750000 0.072089 0.032000 0.077634
1 0.791000 0.073937 0.032000 0.077634
1 0.563000 0.105360 0.034000 0.085028
1 0.462500 0.095194 0.029000 0.072089
1 0.407500 0.061922 0.029000 0.072089
1 0.243500 0.182070 0.045000 0.127542
1 0.280000 0.123845 0.022000 0.118299
1 0.664500 0.137708 0.037000 0.072089
0 0.754500 0.164510 0.043000 0.092421
0 0.695500 0.097043 0.019000 0.060998
