0 0.056855 0.919100 0.016935 0.035280
0 0.119355 0.907543 0.014516 0.034063
0 0.053226 0.864964 0.012903 0.024331
0 0.019355 0.970195 0.014516 0.023114
0 0.008065 0.943431 0.014516 0.035280
0 0.009274 0.910584 0.016935 0.025547
0 0.031855 0.860706 0.012097 0.032847
0 0.075000 0.829684 0.016129 0.029197
0 0.055242 0.818735 0.008871 0.029197
0 0.090323 0.811436 0.011290 0.031630
0 0.024597 0.822993 0.015323 0.030414
0 0.075000 0.794404 0.012903 0.031630
0 0.047581 0.791363 0.014516 0.023114
0 0.133468 0.770073 0.013710 0.026764
0 0.094355 0.780414 0.019355 0.032847
0 0.235484 0.776156 0.014516 0.031630
0 0.269355 0.776156 0.012903 0.034063
0 0.301613 0.781022 0.011290 0.024331
0 0.322984 0.794404 0.012097 0.034063
0 0.338710 0.776156 0.019355 0.041363
0 0.361694 0.778589 0.015323 0.031630
0 0.351210 0.760341 0.012097 0.034063
0 0.386694 0.765207 0.018548 0.026764
0 0.412097 0.776156 0.012903 0.024331
0 0.397984 0.756083 0.012097 0.027981
0 0.435484 0.774331 0.014516 0.023114
0 0.462097 0.771898 0.016129 0.030414
0 0.481452 0.774331 0.017742 0.037713
0 0.513710 0.804745 0.012903 0.027981
0 0.501210 0.776156 0.012097 0.017032
0 0.518952 0.773723 0.010484 0.029197
0 0.544355 0.777981 0.011290 0.027981
0 0.561694 0.767032 0.012097 0.020681
0 0.581855 0.782847 0.012097 0.023114
0 0.645968 0.798054 0.012903 0.029197
0 0.615726 0.776156 0.012097 0.029197
0 0.758468 0.844891 0.013710 0.037713
0 0.717339 0.809611 0.012097 0.027981
0 0.670565 0.789538 0.018548 0.036496
0 0.703226 0.787105 0.016129 0.026764
0 0.740726 0.782847 0.012097 0.018248
0 0.819355 0.794404 0.014516 0.031630
0 0.852823 0.774331 0.010484 0.020681
0 0.865323 0.789538 0.014516 0.026764
0 0.928226 0.912409 0.011290 0.026764
0 0.914113 0.856448 0.020161 0.036496
0 0.971371 0.930049 0.016935 0.035280
0 0.944355 0.890511 0.019355 0.026764
0 0.811694 0.757908 0.015323 0.029197
0 0.906855 0.782847 0.013710 0.023114
0 0.885081 0.771898 0.012097 0.020681
0 0.763710 0.715937 0.016129 0.023114
0 0.926210 0.767640 0.008871 0.026764
0 0.835484 0.769465 0.012903 0.032847
0 0.865726 0.762774 0.012097 0.029197
0 0.722581 0.690998 0.014516 0.019465
0 0.687097 0.698297 0.014516 0.021898
0 0.658468 0.700730 0.015323 0.024331
0 0.647984 0.711071 0.012097 0.023114
0 0.622581 0.684915 0.012903 0.019465
0 0.208065 0.740268 0.012903 0.035280
0 0.266129 0.695864 0.019355 0.024331
0 0.437097 0.689173 0.014516 0.020681
0 0.164113 0.704380 0.010484 0.029197
0 0.214113 0.706813 0.013710 0.021898
0 0.183468 0.687348 0.013710 0.026764
0 0.340323 0.695864 0.016129 0.026764
0 0.353226 0.693431 0.014516 0.019465
0 0.283871 0.694039 0.014516 0.015815
0 0.379839 0.690998 0.012903 0.024331
0 0.475000 0.695864 0.012903 0.031630
0 0.487097 0.686740 0.016129 0.018248
0 0.453226 0.690998 0.016129 0.034063
0 0.508871 0.684915 0.014516 0.021898
0 0.522581 0.684915 0.014516 0.026764
0 0.539113 0.678224 0.023387 0.035280
0 0.845968 0.720195 0.016129 0.024331
0 0.017742 0.697689 0.016129 0.030414
0 0.890323 0.727494 0.016129 0.029197
0 0.874194 0.720803 0.014516 0.025547
0 0.814113 0.702555 0.015323 0.032847
0 0.795968 0.694039 0.012903 0.018248
0 0.772581 0.698297 0.014516 0.021898
0 0.915323 0.725061 0.016129 0.026764
0 0.042742 0.698297 0.014516 0.026764
0 0.408468 0.667275 0.010484 0.020681
0 0.470565 0.657543 0.016935 0.015815
0 0.686694 0.601582 0.020161 0.023114
0 0.567742 0.624088 0.016129 0.021898
0 0.228629 0.682482 0.013710 0.019465
0 0.253226 0.700730 0.019355 0.019465
0 0.140323 0.704380 0.016129 0.024331
0 0.115726 0.876521 0.025000 0.030414
0 0.797984 0.667275 0.012097 0.020681
0 0.941129 0.778589 0.011290 0.026764
0 0.965726 0.776156 0.023387 0.034063
0 0.833468 0.699513 0.016935 0.026764
0 0.461290 0.636253 0.009677 0.021898
0 0.846774 0.654501 0.011290 0.024331
