1 0.347187 0.439082 0.058125 0.107779
1 0.697500 0.312559 0.063750 0.124649
1 0.873750 0.339738 0.063750 0.124649
1 0.193750 0.464855 0.047500 0.086223
1 0.024063 0.488285 0.046875 0.086223
1 0.089688 0.455014 0.048125 0.055295
1 0.285938 0.414246 0.033125 0.071228
0 0.408438 0.475164 0.035625 0.074977
0 0.256250 0.463449 0.042500 0.098407
0 0.641875 0.428772 0.047500 0.096532
1 0.482812 0.461106 0.045625 0.080600
1 0.603437 0.421743 0.031875 0.093721
1 0.933438 0.371603 0.044375 0.105904
1 0.991563 0.372540 0.016875 0.137769
