1 0.699375 0.871723 0.143750 0.256554
1 0.921875 0.564607 0.098750 0.196629
1 0.752500 0.536517 0.092500 0.185393
1 0.686875 0.462547 0.076250 0.127341
1 0.594375 0.454120 0.081250 0.144195
1 0.474375 0.447566 0.083750 0.172285
1 0.388125 0.456929 0.068750 0.153558
1 0.105625 0.490637 0.093750 0.142322
1 0.183125 0.427903 0.073750 0.162921
1 0.291875 0.496255 0.078750 0.134831
0 0.155625 0.855805 0.153750 0.269663
0 0.816875 0.360487 0.073750 0.136704
1 0.497500 0.281835 0.047500 0.084270
1 0.556875 0.258427 0.036250 0.063670
