0 0.167832 0.863636 0.027972 0.068182
0 0.118881 0.551136 0.027972 0.056818
0 0.097902 0.451705 0.020979 0.051136
0 0.367133 0.764205 0.034965 0.051136
0 0.284965 0.573864 0.017483 0.045455
0 0.141608 0.329545 0.024476 0.056818
1 0.040210 0.176136 0.031469 0.056818
1 0.082168 0.096591 0.024476 0.045455
1 0.131119 0.127841 0.024476 0.051136
1 0.265734 0.045455 0.027972 0.068182
1 0.220280 0.193182 0.027972 0.045455
1 0.256993 0.173295 0.024476 0.051136
1 0.300699 0.142045 0.027972 0.056818
0 0.237762 0.267045 0.020979 0.045455
0 0.347902 0.355114 0.031469 0.051136
0 0.384615 0.582386 0.027972 0.062500
0 0.510490 0.585227 0.027972 0.068182
1 0.695804 0.644886 0.027972 0.073864
0 0.564685 0.460227 0.031469 0.056818
1 0.667832 0.454545 0.027972 0.056818
0 0.440559 0.221591 0.027972 0.056818
1 0.893357 0.284091 0.024476 0.045455
1 0.746503 0.303977 0.024476 0.051136
1 0.914336 0.829545 0.045455 0.090909
1 0.973776 0.377841 0.031469 0.085227
1 0.783217 0.542614 0.034965 0.062500
