1 0.149091 0.587432 0.050909 0.092896
1 0.267273 0.543716 0.040000 0.092896
1 0.458182 0.846995 0.050909 0.109290
1 0.607273 0.677596 0.050909 0.098361
1 0.467273 0.565574 0.047273 0.071038
1 0.049091 0.270492 0.040000 0.060109
0 0.267273 0.382514 0.040000 0.076503
1 0.656364 0.885246 0.047273 0.087432
1 0.609091 0.144809 0.061818 0.092896
1 0.949091 0.724044 0.050909 0.114754
1 0.363636 0.204918 0.036364 0.060109
1 0.696364 0.366120 0.047273 0.087432
1 0.774545 0.357923 0.043636 0.114754
1 0.710909 0.136612 0.032727 0.065574
