0 0.209091 0.475410 0.040000 0.087432
1 0.296364 0.500000 0.040000 0.081967
1 0.518182 0.510929 0.032727 0.071038
1 0.665455 0.497268 0.036364 0.087432
1 0.898182 0.475410 0.029091 0.043716
1 0.949091 0.415301 0.029091 0.065574
1 0.789091 0.464481 0.029091 0.054645
0 0.127273 0.508197 0.036364 0.087432
1 0.078182 0.519126 0.047273 0.109290
0 0.536364 0.439891 0.025455 0.060109
0 0.598182 0.472678 0.018182 0.049180
0 0.729091 0.461749 0.025455 0.049180
0 0.330909 0.461749 0.021818 0.049180
0 0.356364 0.500000 0.021818 0.038251
0 0.429091 0.464481 0.029091 0.043716
1 0.756364 0.464481 0.021818 0.032787
