1 0.338021 0.887037 0.038542 0.100000
1 0.429688 0.810185 0.032292 0.072222
1 0.075521 0.497222 0.036458 0.057407
1 0.271875 0.679630 0.029167 0.100000
1 0.305208 0.618519 0.029167 0.100000
1 0.394792 0.696296 0.029167 0.100000
1 0.496875 0.650926 0.029167 0.087037
1 0.475000 0.587963 0.029167 0.087037
1 0.622917 0.563889 0.029167 0.087037
1 0.731250 0.606481 0.029167 0.087037
1 0.631250 0.860185 0.029167 0.087037
1 0.677083 0.948148 0.035417 0.092593
1 0.952604 0.929630 0.034375 0.096296
1 0.983854 0.902778 0.032292 0.087037
1 0.982812 0.675926 0.034375 0.085185
1 0.988021 0.575926 0.023958 0.081481
1 0.939063 0.513889 0.030208 0.068519
1 0.138021 0.503704 0.023958 0.051852
1 0.018229 0.508333 0.028125 0.057407
1 0.379167 0.481481 0.033333 0.074074
1 0.452083 0.443519 0.025000 0.068519
1 0.518750 0.477778 0.027083 0.070370
1 0.753125 0.477778 0.029167 0.074074
1 0.768229 0.406481 0.032292 0.061111
1 0.922917 0.377778 0.029167 0.066667
1 0.959896 0.457407 0.023958 0.059259
1 0.966667 0.307407 0.027083 0.070370
1 0.912500 0.308333 0.018750 0.053704
1 0.856250 0.285185 0.022917 0.048148
1 0.630208 0.395370 0.033333 0.068519
1 0.563542 0.380556 0.031250 0.068519
1 0.701042 0.387963 0.020833 0.061111
1 0.810417 0.198148 0.022917 0.066667
1 0.890104 0.256481 0.021875 0.057407
1 0.663021 0.276852 0.019792 0.057407
1 0.583854 0.336111 0.023958 0.072222
1 0.589583 0.273148 0.018750 0.057407
1 0.360938 0.364815 0.026042 0.062963
1 0.438542 0.375000 0.027083 0.064815
1 0.507292 0.365741 0.035417 0.075926
1 0.478646 0.312963 0.026042 0.070370
1 0.383333 0.270370 0.027083 0.059259
0 0.281250 0.262037 0.022917 0.068519
1 0.275521 0.411111 0.021875 0.070370
1 0.137500 0.373148 0.031250 0.061111
1 0.655208 0.138889 0.022917 0.051852
1 0.745313 0.156481 0.021875 0.064815
1 0.866146 0.110185 0.019792 0.050000
1 0.909896 0.107407 0.019792 0.055556
1 0.531771 0.197222 0.026042 0.061111
1 0.416667 0.157407 0.020833 0.051852
0 0.363542 0.201852 0.025000 0.051852
1 0.336458 0.163889 0.025000 0.050000
1 0.276562 0.087963 0.021875 0.053704
1 0.256250 0.200926 0.016667 0.057407
1 0.233854 0.259259 0.026042 0.048148
1 0.521875 0.073148 0.020833 0.042593
1 0.565625 0.033333 0.025000 0.051852
1 0.452083 0.035185 0.025000 0.048148
1 0.767708 0.030556 0.027083 0.038889
1 0.834896 0.016204 0.028125 0.030556
0 0.305208 0.475000 0.035417 0.079630
1 0.081250 0.785185 0.050000 0.100000
0 0.171354 0.712037 0.046875 0.068519
0 0.118229 0.628704 0.030208 0.068519
0 0.147396 0.266667 0.030208 0.055556
0 0.220833 0.211111 0.020833 0.037037
1 0.728125 0.437963 0.025000 0.068519
0 0.772917 0.081481 0.018750 0.048148
0 0.709375 0.063889 0.027083 0.057407
0 0.679167 0.121296 0.016667 0.061111
0 0.881250 0.023148 0.020833 0.042593
0 0.423438 0.043519 0.015625 0.046296
1 0.313542 0.053704 0.022917 0.055556
1 0.333594 0.019907 0.022396 0.037963
1 0.088542 0.149074 0.029167 0.061111
1 0.856771 0.074074 0.021875 0.048148
