1 0.094915 0.726712 0.171186 0.373973
1 0.262712 0.636986 0.116949 0.197260
1 0.547034 0.456164 0.122881 0.202740
1 0.409746 0.517808 0.083898 0.194521
1 0.750000 0.870548 0.154237 0.258904
1 0.777542 0.434247 0.073729 0.178082
1 0.955085 0.454795 0.074576 0.178082
1 0.648729 0.439041 0.078814 0.204110
1 0.917797 0.224658 0.066102 0.147945
0 0.305085 0.384932 0.066102 0.147945
0 0.675847 0.202740 0.050000 0.095890
0 0.472458 0.384932 0.031356 0.150685
0 0.779237 0.134932 0.044915 0.097260
1 0.442373 0.168493 0.030508 0.065753
1 0.574576 0.158219 0.025424 0.045205
0 0.322458 0.144521 0.021186 0.042466
