1 0.227273 0.833333 0.098182 0.213115
1 0.123636 0.612022 0.080000 0.196721
1 0.334545 0.532787 0.072727 0.158470
1 0.485455 0.521858 0.061818 0.158470
1 0.565455 0.737705 0.083636 0.185792
1 0.703636 0.732240 0.069091 0.142077
1 0.796364 0.680328 0.072727 0.147541
1 0.889091 0.669399 0.061818 0.125683
1 0.038182 0.472678 0.061818 0.125683
1 0.178182 0.489071 0.072727 0.125683
1 0.620000 0.516393 0.040000 0.081967
1 0.560000 0.475410 0.043636 0.087432
1 0.672727 0.494536 0.043636 0.092896
1 0.761818 0.609290 0.054545 0.136612
1 0.861818 0.584699 0.043636 0.098361
1 0.752727 0.497268 0.043636 0.098361
1 0.887273 0.519126 0.021818 0.065574
1 0.818182 0.497268 0.029091 0.076503
1 0.932727 0.486339 0.032727 0.065574
1 0.867273 0.483607 0.025455 0.071038
1 0.985455 0.527322 0.029091 0.060109
1 0.723636 0.475410 0.029091 0.076503
1 0.398182 0.519126 0.040000 0.087432
1 0.520000 0.672131 0.043636 0.120219
