1 0.441818 0.467213 0.069091 0.125683
1 0.709091 0.325137 0.065455 0.147541
1 0.340000 0.281421 0.069091 0.136612
1 0.158182 0.281421 0.069091 0.136612
1 0.078182 0.245902 0.069091 0.153005
1 0.560000 0.256831 0.050909 0.131148
1 0.289091 0.213115 0.047273 0.076503
1 0.407273 0.259563 0.050909 0.125683
1 0.940000 0.245902 0.061818 0.131148
1 0.878182 0.213115 0.069091 0.120219
0 0.807273 0.237705 0.050909 0.103825
1 0.749091 0.234973 0.065455 0.142077
1 0.520000 0.245902 0.043636 0.131148
1 0.469091 0.248634 0.050909 0.114754
1 0.609091 0.281421 0.047273 0.125683
1 0.649091 0.292350 0.061818 0.158470
