1 0.076250 0.684438 0.060500 0.096542
1 0.246000 0.930476 0.068000 0.107349
1 0.410000 0.923991 0.066000 0.091499
1 0.549250 0.880403 0.057500 0.115274
1 0.649500 0.820605 0.050000 0.102305
1 0.754000 0.898055 0.067000 0.101585
1 0.021000 0.478746 0.037000 0.100144
1 0.071500 0.457853 0.038000 0.082853
1 0.130500 0.470461 0.046000 0.073487
1 0.135250 0.372118 0.044500 0.055476
1 0.262000 0.609150 0.047000 0.087176
1 0.375250 0.622118 0.060500 0.064121
1 0.410750 0.694164 0.042500 0.110231
1 0.383250 0.690922 0.046500 0.067723
1 0.477500 0.571686 0.052000 0.064121
1 0.459750 0.531700 0.046500 0.070605
1 0.908750 0.954251 0.070500 0.091499
1 0.955250 0.946686 0.065500 0.106628
1 0.904000 0.789265 0.061000 0.091499
1 0.943250 0.603746 0.054500 0.100865
1 0.698500 0.541787 0.050000 0.090778
1 0.598250 0.512248 0.059500 0.096542
1 0.948000 0.535303 0.047000 0.099424
1 0.900250 0.469380 0.040500 0.087176
1 0.719250 0.461095 0.040500 0.079251
1 0.344000 0.359150 0.034000 0.068444
1 0.264500 0.402017 0.035000 0.077810
1 0.367250 0.461095 0.051500 0.067723
1 0.432000 0.430476 0.034000 0.058357
1 0.498750 0.442003 0.043500 0.075648
1 0.543750 0.376081 0.038500 0.072046
1 0.605500 0.387608 0.038000 0.089337
1 0.668500 0.386527 0.049000 0.081412
1 0.735250 0.398055 0.046500 0.061239
1 0.225250 0.283501 0.035500 0.064121
1 0.370000 0.289986 0.037000 0.062680
1 0.422250 0.358429 0.041500 0.067003
1 0.458000 0.317003 0.050000 0.064841
1 0.823000 0.316282 0.037000 0.074928
1 0.331750 0.767651 0.056500 0.110231
1 0.290500 0.560159 0.047000 0.081412
1 0.946000 0.769092 0.060000 0.088617
1 0.886250 0.371398 0.044500 0.059798
1 0.931500 0.325648 0.050000 0.069164
1 0.855000 0.279539 0.033000 0.047550
1 0.880000 0.313040 0.038000 0.056916
1 0.563000 0.297911 0.040000 0.065562
1 0.640750 0.297190 0.042500 0.082853
1 0.690250 0.418948 0.043500 0.075648
1 0.990000 0.475865 0.020000 0.059798
1 0.508250 0.241715 0.041500 0.064121
1 0.396500 0.204971 0.041000 0.061239
1 0.324000 0.205331 0.035000 0.051873
1 0.088500 0.192363 0.036000 0.050432
1 0.128250 0.046470 0.026500 0.041066
1 0.265750 0.147695 0.028500 0.047550
1 0.298250 0.117795 0.025500 0.058357
1 0.430500 0.108069 0.027000 0.050432
1 0.499000 0.138689 0.032000 0.056916
1 0.538500 0.105548 0.036000 0.067003
1 0.622000 0.182997 0.037000 0.056196
1 0.775250 0.235951 0.037500 0.055476
1 0.708750 0.198847 0.034500 0.048991
1 0.855500 0.221902 0.036000 0.051873
1 0.826250 0.162104 0.028500 0.054755
1 0.873500 0.166787 0.030000 0.061239
1 0.572000 0.063401 0.029000 0.044669
1 0.667750 0.068084 0.024500 0.054035
1 0.347500 0.057997 0.031000 0.049712
1 0.389250 0.064841 0.026500 0.047550
1 0.416000 0.049352 0.034000 0.038184
1 0.475750 0.070965 0.027500 0.041066
1 0.365750 0.025576 0.028500 0.049712
1 0.451750 0.025937 0.024500 0.046110
1 0.541250 0.027378 0.024500 0.048991
1 0.630500 0.025937 0.031000 0.048991
1 0.705000 0.091499 0.027000 0.048991
1 0.732750 0.109510 0.041500 0.044669
1 0.981000 0.100865 0.034000 0.067723
1 0.870500 0.046470 0.036000 0.043948
1 0.821000 0.073487 0.029000 0.046110
