1 0.474500 0.187406 0.067000 0.125937
1 0.846500 0.151424 0.065000 0.125937
1 0.120500 0.266117 0.065000 0.124438
1 0.649000 0.183658 0.050000 0.088456
1 0.711000 0.278861 0.042000 0.089955
1 0.944500 0.293103 0.045000 0.100450
1 0.809500 0.047976 0.031000 0.056972
0 0.246500 0.209895 0.045000 0.080960
0 0.023500 0.192654 0.045000 0.094453
1 0.080500 0.189655 0.037000 0.076462
0 0.363000 0.239880 0.046000 0.080960
0 0.597500 0.200900 0.045000 0.092954
0 0.726500 0.147676 0.045000 0.082459
0 0.197500 0.275862 0.061000 0.137931
