1 0.085000 0.806667 0.080000 0.150000
1 0.210625 0.811667 0.078750 0.150000
1 0.335000 0.836667 0.080000 0.150000
1 0.506250 0.871667 0.080000 0.150000
1 0.792500 0.751667 0.080000 0.150000
1 0.670000 0.660000 0.080000 0.150000
1 0.548125 0.666667 0.053750 0.130000
1 0.406875 0.641667 0.056250 0.130000
1 0.239375 0.584167 0.056250 0.128333
1 0.123750 0.560000 0.060000 0.116667
1 0.471250 0.463333 0.060000 0.116667
1 0.185625 0.570000 0.046250 0.106667
1 0.845625 0.498333 0.058750 0.110000
1 0.571875 0.477500 0.051250 0.095000
1 0.012500 0.538333 0.022500 0.133333
1 0.728125 0.500000 0.051250 0.090000
1 0.960625 0.346667 0.048750 0.083333
1 0.816250 0.308333 0.050000 0.073333
1 0.723750 0.304167 0.052500 0.081667
1 0.651250 0.291667 0.050000 0.076667
1 0.539375 0.254167 0.046250 0.081667
1 0.484375 0.252500 0.041250 0.091667
1 0.373125 0.202500 0.041250 0.091667
1 0.288125 0.222500 0.041250 0.091667
1 0.176875 0.204167 0.041250 0.091667
1 0.132500 0.381667 0.050000 0.093333
1 0.263125 0.424167 0.041250 0.091667
1 0.342500 0.408333 0.052500 0.093333
1 0.021875 0.379167 0.041250 0.091667
1 0.085625 0.192500 0.041250 0.091667
1 0.020625 0.187500 0.038750 0.091667
1 0.979375 0.207500 0.041250 0.091667
1 0.904375 0.179167 0.041250 0.091667
1 0.784375 0.162500 0.041250 0.091667
1 0.696875 0.174167 0.041250 0.091667
1 0.571875 0.140833 0.041250 0.091667
1 0.481875 0.120833 0.041250 0.091667
1 0.330625 0.142500 0.041250 0.091667
1 0.210625 0.127500 0.041250 0.091667
1 0.110625 0.100833 0.041250 0.091667
1 0.023125 0.087500 0.041250 0.091667
1 0.814375 0.065833 0.041250 0.091667
1 0.741875 0.059167 0.041250 0.091667
1 0.514375 0.047500 0.041250 0.091667
1 0.596875 0.025833 0.033750 0.048333
1 0.599375 0.028333 0.033750 0.050000
1 0.446250 0.049167 0.042500 0.068333
1 0.382500 0.037500 0.042500 0.068333
1 0.297500 0.035000 0.042500 0.066667
1 0.230000 0.025000 0.025000 0.046667
1 0.185625 0.041667 0.056250 0.076667
1 0.105625 0.028333 0.041250 0.053333
