0 0.197083 0.693750 0.019167 0.037500
0 0.078750 0.689688 0.023333 0.049375
0 0.114583 0.697187 0.035000 0.060625
1 0.194792 0.630625 0.021250 0.048750
1 0.288750 0.652500 0.020000 0.052500
0 0.231250 0.629062 0.020000 0.045625
0 0.036458 0.589063 0.013750 0.036875
0 0.078125 0.600938 0.020417 0.036875
0 0.118542 0.595938 0.017917 0.044375
0 0.262083 0.608437 0.019167 0.035625
0 0.455417 0.633750 0.026667 0.038750
1 0.512708 0.629687 0.020417 0.054375
0 0.547917 0.610938 0.022500 0.050625
1 0.614583 0.590000 0.025833 0.045000
1 0.572500 0.592500 0.020000 0.057500
0 0.660417 0.585625 0.022500 0.043750
0 0.688333 0.563750 0.015833 0.033750
0 0.723958 0.610313 0.021250 0.051875
0 0.821458 0.629062 0.031250 0.040625
0 0.923333 0.601875 0.025833 0.072500
0 0.874792 0.589375 0.030417 0.043750
0 0.337292 0.628750 0.027083 0.032500
0 0.373750 0.606875 0.021667 0.042500
0 0.440625 0.599375 0.017917 0.033750
0 0.497500 0.615313 0.019167 0.039375
0 0.512708 0.585938 0.017917 0.036875
0 0.762292 0.581562 0.012083 0.039375
0 0.795000 0.587500 0.016667 0.040000
0 0.982292 0.657500 0.020417 0.066250
0 0.991250 0.561250 0.017500 0.056250
0 0.838750 0.540312 0.019167 0.030625
0 0.373125 0.422812 0.011250 0.031875
0 0.341667 0.422500 0.009167 0.028750
0 0.356875 0.418750 0.014583 0.010000
0 0.339375 0.582500 0.024583 0.030000
1 0.295000 0.559688 0.016667 0.025625
1 0.278542 0.563125 0.024583 0.028750
1 0.257917 0.563750 0.019167 0.043750
0 0.223542 0.577187 0.020417 0.040625
1 0.167708 0.587500 0.023750 0.030000
0 0.196875 0.510625 0.023750 0.035000
0 0.271250 0.491875 0.016667 0.028750
0 0.406458 0.557187 0.010417 0.026875
1 0.931250 0.549687 0.016667 0.035625
0 0.713333 0.561875 0.015833 0.023750
0 0.469375 0.567813 0.021250 0.035625
0 0.432917 0.558750 0.022500 0.040000
0 0.542083 0.550312 0.018333 0.023125
0 0.613125 0.556875 0.024583 0.023750
0 0.699167 0.528438 0.019167 0.020625
0 0.305625 0.506250 0.011250 0.023750
0 0.234792 0.491250 0.017917 0.020000
0 0.378125 0.499688 0.021250 0.040625
0 0.274167 0.400000 0.013333 0.027500
0 0.948750 0.554688 0.022500 0.035625
0 0.974375 0.545937 0.011250 0.031875
