1 0.141509 0.176101 0.106918 0.251572
1 0.143082 0.694969 0.116352 0.257862
1 0.303459 0.716981 0.116352 0.289308
1 0.305031 0.220126 0.119497 0.314465
1 0.470126 0.232704 0.116352 0.289308
1 0.636792 0.220126 0.110063 0.264151
1 0.783019 0.238994 0.132075 0.314465
1 0.941824 0.248428 0.116352 0.270440
1 0.460692 0.729560 0.122642 0.276730
1 0.625786 0.720126 0.125786 0.308176
1 0.794025 0.720126 0.103774 0.283019
1 0.943396 0.754717 0.113208 0.289308
1 0.023585 0.694969 0.040881 0.257862
1 0.022013 0.213836 0.037736 0.289308
