0 0.152098 0.525568 0.024476 0.039773
0 0.195804 0.519886 0.020979 0.062500
0 0.230769 0.576705 0.027972 0.051136
0 0.225524 0.519886 0.024476 0.051136
0 0.260490 0.519886 0.031469 0.051136
0 0.309441 0.519886 0.024476 0.062500
0 0.340909 0.525568 0.024476 0.051136
0 0.437063 0.519886 0.013986 0.039773
0 0.466783 0.525568 0.024476 0.051136
0 0.482517 0.514205 0.027972 0.051136
0 0.550699 0.500000 0.031469 0.056818
0 0.613636 0.531250 0.031469 0.062500
0 0.680070 0.508523 0.031469 0.062500
0 0.947552 0.602273 0.034965 0.068182
0 0.776224 0.531250 0.027972 0.051136
0 0.821678 0.525568 0.027972 0.051136
0 0.877622 0.536932 0.020979 0.051136
0 0.898601 0.619318 0.034965 0.068182
