1 0.455000 0.614815 0.065000 0.162963
1 0.400000 0.429630 0.065000 0.162963
1 0.202500 0.420741 0.065000 0.162963
1 0.090417 0.540000 0.049167 0.105185
1 0.686667 0.485926 0.050000 0.127407
1 0.591250 0.464444 0.042500 0.117037
1 0.850833 0.602222 0.158333 0.389630
1 0.956667 0.710370 0.055000 0.208889
1 0.325833 0.464444 0.046667 0.102222
1 0.032500 0.441481 0.041667 0.097778
1 0.257917 0.336296 0.022500 0.047407
1 0.325000 0.358519 0.018333 0.041481
1 0.305000 0.391111 0.021667 0.044444
1 0.447083 0.380000 0.019167 0.034074
1 0.117083 0.374815 0.020833 0.044444
1 0.360417 0.434074 0.010833 0.065185
1 0.099167 0.368148 0.010000 0.042963
1 0.012083 0.351852 0.017500 0.048889
1 0.640833 0.405185 0.026667 0.060741
