0 0.134500 0.803381 0.139000 0.261566
1 0.343500 0.626335 0.111000 0.277580
0 0.265500 0.390569 0.079000 0.218861
0 0.360500 0.331851 0.067000 0.179715
0 0.208000 0.158363 0.056000 0.138790
1 0.440500 0.593416 0.071000 0.197509
1 0.589500 0.641459 0.143000 0.311388
1 0.807500 0.764235 0.105000 0.261566
1 0.745500 0.549822 0.071000 0.249110
1 0.851500 0.267794 0.051000 0.126335
1 0.134000 0.338078 0.112000 0.227758
1 0.265000 0.180605 0.048000 0.101423
1 0.451500 0.290036 0.063000 0.149466
1 0.490000 0.411032 0.042000 0.174377
0 0.585500 0.252669 0.053000 0.149466
1 0.681500 0.316726 0.065000 0.163701
1 0.791500 0.182384 0.051000 0.129893
1 0.030500 0.202847 0.053000 0.128114
1 0.041000 0.362100 0.060000 0.140569
1 0.122500 0.117438 0.045000 0.103203
1 0.333000 0.056940 0.034000 0.078292
0 0.477500 0.106762 0.035000 0.113879
0 0.655000 0.153025 0.050000 0.074733
1 0.637000 0.039146 0.044000 0.074733
1 0.583500 0.047153 0.035000 0.083630
0 0.695500 0.047153 0.037000 0.083630
0 0.839000 0.075623 0.048000 0.108541
0 0.923000 0.117438 0.042000 0.099644
1 0.194500 0.040036 0.035000 0.062278
1 0.415000 0.091637 0.042000 0.076512
1 0.385000 0.200178 0.036000 0.076512
1 0.338000 0.145018 0.028000 0.083630
1 0.739000 0.330071 0.040000 0.094306
