1 0.078125 0.215227 0.062500 0.102489
1 0.254883 0.270132 0.062500 0.103953
1 0.518555 0.338946 0.062500 0.103953
1 0.625000 0.249634 0.062500 0.103953
1 0.411133 0.142753 0.050781 0.095168
1 0.187012 0.099561 0.038086 0.087848
1 0.518555 0.083455 0.039062 0.087848
1 0.667969 0.126647 0.039062 0.080527
1 0.749512 0.060761 0.038086 0.080527
1 0.365723 0.088580 0.038086 0.080527
1 0.458496 0.072474 0.038086 0.080527
1 0.956055 0.091508 0.037109 0.071742
1 0.595703 0.101025 0.033203 0.064422
0 0.693848 0.059297 0.041992 0.083455
1 0.596191 0.034407 0.030273 0.057101
0 0.634277 0.030747 0.030273 0.058565
0 0.878906 0.056369 0.048828 0.086384
0 0.421387 0.062958 0.034180 0.049780
