1 0.364583 0.429313 0.085833 0.178988
1 0.112083 0.505837 0.085833 0.178988
1 0.244167 0.389754 0.080000 0.151751
1 0.685833 0.324903 0.080000 0.151751
1 0.829167 0.202983 0.080000 0.151751
1 0.949167 0.426070 0.061667 0.154345
1 0.050000 0.335279 0.061667 0.154345
1 0.141250 0.103761 0.057500 0.129702
1 0.362917 0.098573 0.057500 0.129702
1 0.631250 0.132296 0.057500 0.129702
1 0.237917 0.154345 0.057500 0.129702
1 0.471667 0.160182 0.053333 0.118029
1 0.573333 0.435798 0.090000 0.121920
1 0.501667 0.305447 0.053333 0.118029
1 0.668750 0.638781 0.129167 0.260700
1 0.802500 0.525940 0.146667 0.294423
1 0.923750 0.171855 0.052500 0.110246
1 0.536250 0.202983 0.052500 0.110246
