1 0.256667 0.642857 0.026667 0.059524
0 0.376667 0.723214 0.026667 0.053571
1 0.335000 0.761905 0.050000 0.130952
1 0.868333 0.767857 0.056667 0.142857
1 0.971667 0.714286 0.036667 0.083333
1 0.395000 0.586310 0.023333 0.053571
1 0.425000 0.586310 0.016667 0.053571
1 0.095000 0.627976 0.030000 0.065476
1 0.046667 0.702381 0.040000 0.059524
0 0.533333 0.592262 0.020000 0.053571
0 0.455000 0.589286 0.023333 0.059524
1 0.786667 0.636905 0.026667 0.071429
0 0.125000 0.610119 0.030000 0.053571
1 0.558333 0.577381 0.016667 0.047619
1 0.825000 0.598214 0.023333 0.053571
1 0.630000 0.565476 0.020000 0.035714
1 0.393333 0.800595 0.040000 0.077381
1 0.708333 0.541667 0.023333 0.047619
1 0.788333 0.547619 0.023333 0.035714
