0 0.080000 0.152500 0.120000 0.280000
0 0.084167 0.487500 0.121667 0.235000
0 0.083333 0.823750 0.116667 0.262500
0 0.246667 0.818750 0.120000 0.277500
0 0.418333 0.821250 0.133333 0.282500
0 0.581667 0.817500 0.106667 0.240000
0 0.751667 0.827500 0.123333 0.265000
0 0.921667 0.830000 0.126667 0.275000
0 0.250000 0.502500 0.130000 0.280000
0 0.420000 0.486250 0.130000 0.252500
0 0.584167 0.490000 0.121667 0.265000
0 0.746667 0.497500 0.120000 0.280000
0 0.922500 0.488750 0.108333 0.282500
0 0.247500 0.145000 0.125000 0.250000
0 0.417500 0.157500 0.121667 0.255000
0 0.586667 0.141250 0.116667 0.247500
0 0.750000 0.152500 0.110000 0.260000
0 0.923333 0.145000 0.123333 0.265000
