1 0.051667 0.526786 0.070000 0.172619
1 0.713333 0.717262 0.120000 0.279762
1 0.700000 0.544643 0.073333 0.136905
1 0.595000 0.526786 0.050000 0.125000
1 0.466667 0.452381 0.053333 0.142857
1 0.403333 0.571429 0.060000 0.154762
1 0.296667 0.514881 0.066667 0.172619
1 0.370000 0.446429 0.053333 0.130952
1 0.118333 0.407738 0.050000 0.101190
1 0.065000 0.422619 0.030000 0.083333
0 0.210000 0.383929 0.046667 0.136905
0 0.155000 0.360119 0.036667 0.089286
0 0.300000 0.372024 0.033333 0.077381
0 0.350000 0.702381 0.106667 0.285714
0 0.825000 0.497024 0.096667 0.184524
0 0.130000 0.601190 0.100000 0.238095
