1 0.103125 0.724306 0.093750 0.209722
1 0.289844 0.749306 0.093750 0.209722
1 0.190625 0.374306 0.093750 0.209722
1 0.164844 0.105556 0.093750 0.208333
1 0.061719 0.111806 0.093750 0.209722
1 0.846875 0.288194 0.093750 0.209722
1 0.833594 0.592361 0.093750 0.209722
1 0.529687 0.878472 0.093750 0.209722
1 0.516406 0.586806 0.093750 0.209722
1 0.405469 0.746528 0.093750 0.209722
1 0.730469 0.734028 0.093750 0.209722
1 0.810156 0.890972 0.093750 0.209722
1 0.948438 0.686806 0.093750 0.209722
1 0.969141 0.389583 0.061719 0.195833
1 0.969141 0.136806 0.061719 0.195833
1 0.299219 0.422222 0.060937 0.213889
