1 0.628889 0.377778 0.128889 0.222222
1 0.484444 0.426667 0.106667 0.177778
1 0.608889 0.737778 0.275556 0.373333
1 0.900000 0.537778 0.191111 0.302222
1 0.942222 0.284444 0.115556 0.151111
1 0.524444 0.200000 0.106667 0.168889
1 0.377778 0.346667 0.097778 0.195556
1 0.046667 0.246667 0.084444 0.164444
1 0.217778 0.233333 0.115556 0.164444
1 0.373333 0.115556 0.106667 0.142222
1 0.862222 0.086667 0.080000 0.093333
1 0.713333 0.137778 0.066667 0.106667
1 0.617778 0.160000 0.080000 0.106667
1 0.966667 0.142222 0.066667 0.115556
1 0.095556 0.162222 0.084444 0.075556
