1 0.316403 0.505795 0.100652 0.189424
1 0.215750 0.379935 0.100652 0.189786
1 0.485322 0.293010 0.100652 0.189786
1 0.673346 0.418327 0.100652 0.189786
1 0.767940 0.253169 0.082479 0.161536
0 0.101584 0.247012 0.070829 0.156465
1 0.234157 0.199384 0.047530 0.106845
1 0.343430 0.180732 0.037745 0.089823
1 0.276212 0.194676 0.034716 0.093082
1 0.395620 0.192503 0.026561 0.072800
1 0.418336 0.235603 0.034716 0.075697
1 0.552074 0.211699 0.030988 0.106845
0 0.438374 0.163528 0.027726 0.061934
0 0.706897 0.177834 0.034483 0.077508
1 0.880242 0.795907 0.186393 0.383557
